strategic_region={
	id=1
	name="STRATEGICREGION_1"
	provinces={
		11540 11573 11726 10059 10375 10477 11005 11027 11082 11262 11010 11059 11215 11251 11285 11416 11447 9087 9106 9188 9224 9238 9296 9339 9340 9353 9378 9465 9466 9473 9505 9506 9523 9624 9632 9641 9642 9655 9684 9799 9837 9858 9951 9984 9985 10154 8313 8331 8351 8389 8396 8397 8418 8458 8505 8536 8544 8550 8551 8586 8617 8682 8712 8722 8757 8768 8779 8788 8823 8872 8878 8896 8909 8931 8947 8956 8982 9018 9029 9030 9040 9047 9076 9104 9105 9174 9181 9205 9214 9246 9259 9276 9338 9367 9418 9427 9489 9533 9561 9575 8435 8436 8535 8595 8689 8705 8756 8787 8837 8861 8862 8871 8968 8995 9011 9046 9065 9101 9125 9126 9194 9195 9235 9236 9251 9258 9314 9330 9391 9398 9426 9522 9532 9538 9595 9631 9652 9668 9740 9741 9749 9798 9843 9844 9856 9864 9897 9976 9989 10004 10035 10044 10069 10098 10161 10162 10180 10196 10197 10295 10296 8585 8654 8699 8777 8778 8831 8838 8908 8922 8954 8955 9075 9086 9102 9103 9127 9252 9285 9305 9306 9410 9417 9441 9451 9543 9553 9606 9622 9124 9204 9275 9304 9377 9450 9482 9537 9608 9667 9728 9790 9796 9919 10003 10083 10172 10221 9128 9223 9237 9392 9411 9435 9472 9583 9596 9623 9653 9654 9702 9835 9496 9616 9797 10097 10468 9544 9591 9703 9706 9712 9723 9782 9813 9819 9830 9845 9852 9908 9909 9930 9968 9986 9990 9991 10052 10061 10071 10085 10108 10129 10130 10181 10211 10243 10254 10255 10274 10280 10376 10398 10409 10438 10478 10592 10625 9640 9674 9695 9696 9750 9761 9829 9836 9857 9893 9929 9950 9960 9983 10016 10084 10093 10107 10116 10141 10142 10174 10210 10226 10235 10242 10253 10266 10297 10306 10307 10361 10368 10391 10417 10469 10517 10523 10532 10539 10563 10609 10676 10689 10700 10739 10752 10827 10879 10893 11028 11141 9722 9755 9760 9767 9851 9865 9875 9898 9907 9982 10010 10060 10070 10106 10173 10207 10386 10416 10208 10265 10273 10289 10397 10407 10408 10607 10209 10346 10360 10429 10551 10580 10624 10279 10290 10308 10316 10351 10418 10419 10444 10459 10496 10518 10524 10564 10636 10647 10656 10677 10690 10701 10770 10776 10803 10828 10837 10851 10862 10905 10935 10975 10997 11011 11060 11134 11142 11179 11189 11190 11241 11346 11354 11496 10531 10599 10634 10850 10608 10655 10819 10916 10995 11038 11074 11198 10635 10757 10856 10687 10688 10756 10801 10802 10834 10835 10861 10878 10923 10961 10836 10946 10962 10996 11039 11046 11117 11133 11263 11116 11151 11240 11307 11467 11504 11170 11178 11252 11264 11303 11312 11323 11364 11417 11426 11427 11453 11486 11541 11597 11636 11336 11363 11452 11476 11552 11574 11627 11668 11691 11727 11551 11684 11745 11810 11869 11912 11929 11980 11614 11654 11690 11831 11973 11981 12018 12025 12092 12134 12187 12279 
	}
	
	weather={
		period={
			between={ 0.0 30.0 }
			temperature={ 30.00 36.00 }
			no_phenomenon=0.500000
			rain_light=0.142812
			rain_heavy=0.357188
			snow=0.000000
			blizzard=0.000000
			arctic_water=0.000
			mud=0.085719
			sandstorm=0.000000
			min_snow_level=0.000
		}
		period={
			between={ 0.1 27.1 }
			temperature={ 32.00 37.00 }
			no_phenomenon=0.500000
			rain_light=0.130538
			rain_heavy=0.369462
			snow=0.000000
			blizzard=0.000000
			arctic_water=0.000
			mud=0.086946
			sandstorm=0.000000
			min_snow_level=0.000
		}
		period={
			between={ 0.2 30.2 }
			temperature={ 33.00 39.00 }
			no_phenomenon=0.500000
			rain_light=0.118265
			rain_heavy=0.381735
			snow=0.000000
			blizzard=0.000000
			arctic_water=0.000
			mud=0.088174
			sandstorm=0.000000
			min_snow_level=0.000
		}
		period={
			between={ 0.3 29.3 }
			temperature={ 35.00 41.00 }
			no_phenomenon=0.500000
			rain_light=0.105991
			rain_heavy=0.394009
			snow=0.000000
			blizzard=0.000000
			arctic_water=0.000
			mud=0.089401
			sandstorm=0.000000
			min_snow_level=0.000
		}
		period={
			between={ 0.4 30.4 }
			temperature={ 37.00 42.00 }
			no_phenomenon=0.500000
			rain_light=0.093717
			rain_heavy=0.406283
			snow=0.000000
			blizzard=0.000000
			arctic_water=0.000
			mud=0.090628
			sandstorm=0.000000
			min_snow_level=0.000
		}
		period={
			between={ 0.5 29.5 }
			temperature={ 39.00 44.00 }
			no_phenomenon=0.500000
			rain_light=0.081443
			rain_heavy=0.418557
			snow=0.000000
			blizzard=0.000000
			arctic_water=0.000
			mud=0.091856
			sandstorm=0.000000
			min_snow_level=0.000
		}
		period={
			between={ 0.6 30.6 }
			temperature={ 40.00 46.00 }
			no_phenomenon=0.500000
			rain_light=0.069170
			rain_heavy=0.430830
			snow=0.000000
			blizzard=0.000000
			arctic_water=0.000
			mud=0.093083
			sandstorm=0.000000
			min_snow_level=0.000
		}
		period={
			between={ 0.7 30.7 }
			temperature={ 39.00 44.00 }
			no_phenomenon=0.500000
			rain_light=0.081443
			rain_heavy=0.418557
			snow=0.000000
			blizzard=0.000000
			arctic_water=0.000
			mud=0.091856
			sandstorm=0.000000
			min_snow_level=0.000
		}
		period={
			between={ 0.8 29.8 }
			temperature={ 37.00 42.00 }
			no_phenomenon=0.500000
			rain_light=0.093717
			rain_heavy=0.406283
			snow=0.000000
			blizzard=0.000000
			arctic_water=0.000
			mud=0.090628
			sandstorm=0.000000
			min_snow_level=0.000
		}
		period={
			between={ 0.9 30.9 }
			temperature={ 35.00 41.00 }
			no_phenomenon=0.500000
			rain_light=0.105991
			rain_heavy=0.394009
			snow=0.000000
			blizzard=0.000000
			arctic_water=0.000
			mud=0.089401
			sandstorm=0.000000
			min_snow_level=0.000
		}
		period={
			between={ 0.10 29.10 }
			temperature={ 33.00 39.00 }
			no_phenomenon=0.500000
			rain_light=0.118265
			rain_heavy=0.381735
			snow=0.000000
			blizzard=0.000000
			arctic_water=0.000
			mud=0.088174
			sandstorm=0.000000
			min_snow_level=0.000
		}
		period={
			between={ 0.11 30.11 }
			temperature={ 32.00 37.00 }
			no_phenomenon=0.500000
			rain_light=0.130538
			rain_heavy=0.369462
			snow=0.000000
			blizzard=0.000000
			arctic_water=0.000
			mud=0.086946
			sandstorm=0.000000
			min_snow_level=0.000
		}
		
	}
}
