strategic_region={
	id=13
	name="STRATEGICREGION_13"
	provinces={
		17481 17501 17553 17557 17581 17593 17610 17623 17634 17657 17669 17701 17711 17737 17738 17748 17763 17771 17778 17779 17806 17812 17821 17827 17833 17834 17864 17871 17872 17884 17898 17904 17905 17906 17927 17928 17938 17946 17960 17978 17994 17997 18002 18003 18009 18028 18047 18052 18053 18067 18072 18077 18086 18093 18094 18102 18103 18109 18118 18125 18132 18136 18137 18143 18149 18172 18173 18177 18189 18192 18193 18194 18201 18202 18203 18213 18214 18220 18229 18246 18264 18274 18287 18301 18302 18310 18319 18334 18343 18355 18356 18359 18360 18361 18370 18371 18377 18378 18379 18413 18414 18428 18429 18437 18444 18450 18451 18483 18492 18493 18510 18512 18519 18533 18561 18562 18569 18570 18571 18612 18617 17700 17735 13856 13857 13870 13871 13872 13873 13874 13883 13948 13949 13967 13971 13997 13998 13999 14007 14029 14039 14086 14097 14107 14108 14115 14123 14132 14136 14137 14138 14139 14140 14141 14155 14156 14181 14182 14200 14207 14213 14214 14229 14236 14237 14268 14275 14277 14278 14293 14299 14300 14301 14305 14306 14313 14314 14315 14336 14341 14373 14374 14382 14388 14416 14433 14434 14442 14443 14455 14456 14463 14468 14469 14470 14471 14489 14494 14495 14515 14516 14532 14539 14540 14554 14555 14565 14573 14580 14594 14595 14610 14611 14618 14619 14641 14666 14667 14674 14675 14684 14701 14719 14733 14734 14739 14740 14770 14783 14784 14789 14798 14802 14818 14819 14832 14839 14845 14846 14847 14857 14868 14896 14923 14924 14940 14941 14942 14949 14950 14957 14958 14965 14966 14971 15001 15008 15009 15014 15015 15021 15022 15038 15052 15062 15067 15085 15086 15087 15094 15106 15107 15108 15124 15128 15139 15145 15151 15152 15163 15164 15169 15180 15181 15182 15208 15209 15215 15216 15233 15241 15242 15251 15258 15261 15267 15283 15284 15300 15305 15311 15312 15313 15317 15329 15336 15337 15338 15339 15340 15355 15374 15381 15400 15401 15402 15409 15418 15422 15436 15441 15452 15453 15454 15459 15460 15461 15473 15483 15499 15500 15504 15505 15506 15517 15522 15527 15528 15535 15536 15554 15566 15586 15587 15593 15598 15599 15607 15609 15615 15621 15622 15632 15641 15642 15643 15653 15654 15655 15663 15664 15683 15684 15693 15694 15695 15701 15714 15719 15720 15724 15747 15748 15749 15754 15755 15761 15790 15791 15795 15796 15797 15809 15810 15811 15812 15813 15823 15838 15846 15853 15857 15874 15875 15876 15882 15883 15892 15893 15903 15908 15912 15920 15921 15922 15929 15937 15950 15951 15957 15958 15959 15965 15966 15967 15968 15974 15982 15996 16006 16007 16010 16011 16012 16021 16022 16028 16037 16043 16044 16051 16052 16064 16065 16074 16075 16076 16102 16103 16112 16119 16121 16128 16137 16138 16176 16177 16185 16188 16196 16205 16206 16229 16242 16251 16258 16265 16270 16288 16297 16305 16315 16341 16348 16357 16366 16367 16376 16383 16390 16392 16403 16404 16413 16428 16429 16460 16474 16491 16495 16502 16515 16519 16528 16537 16545 16560 16574 16581 16592 16600 16610 16628 16655 16656 16669 16690 16700 16709 16714 16720 16725 16734 16735 16743 16744 16779 16784 16803 16826 16859 16860 16861 16870 16871 16876 16889 16890 16952 16960 16961 16962 17016 16513 16514 16538 16568 16601 16617 16629 16638 16688 16689 16708 16721 16745 16773 16780 16799 16827 16828 16846 16072 16073 16087 16088 16089 16120 16127 16135 16136 16148 16154 16164 16173 16174 16175 16183 16184 16204 16219 16227 16228 16250 16269 16282 16287 16304 16326 16327 16340 16356 16374 16375 16389 16400 16401 16402 16412 16423 16477 16490 16501 16512 16518 16535 16536 16543 16544 16559 16567 16590 16591 16616 16636 16637 16639 16685 16686 16687 16701 16702 16707 16713 16718 16719 16724 16758 16772 16778 16785 16798 16802 16808 16819 16825 16839 16840 16858 16869 16872 16887 16888 16900 16907 16908 16916 16921 16922 16923 16931 16969 16980 16981 16982 16983 16988 16989 16994 16995 16996 16997 16998 17002 17003 17004 17005 17006 17011 17012 17015 17017 17025 17026 17034 17041 17053 17064 17065 17066 17072 17076 17077 17078 17088 17089 17105 17121 17122 17135 17136 17144 17145 17151 17152 17153 17155 17156 17162 17163 17172 17173 17174 17191 17206 17216 17217 17218 17224 17235 17236 17237 17244 17245 17254 17263 17275 17276 17283 17284 17285 17286 17294 17300 17301 17302 17310 17311 17312 17313 17321 17336 17344 17361 17362 17363 17364 17365 17374 17383 17391 17400 17412 17413 17421 17424 17425 17430 17431 17441 17442 17443 17457 17463 17471 17472 17480 17482 17483 17488 17489 17493 17494 17495 17518 17519 17533 17534 17535 17541 17551 17552 17558 17562 17563 17573 17580 17600 17611 17612 17624 17641 17648 17655 17656 17663 17692 17693 17702 17703 17710 17716 17717 17724 17733 17734 17736 17796 17797 17805 17820 17835 17844 17845 17857 17858 17883 17888 17891 17917 17937 17988 17995 18010 18058 18066 
	}
	
	weather={
		period={
			between={ 0.0 30.0 }
			temperature={ -20.0 -8.00 }
			no_phenomenon=0.100000
			rain_light=0.500000
			rain_heavy=0.000000
			snow=0.200000
			blizzard=0.200000
			arctic_water=0.000
			mud=0.050000
			sandstorm=0.000000
			min_snow_level=0.000
		}
		period={
			between={ 0.1 27.1 }
			temperature={ -20.0 -8.00 }
			no_phenomenon=0.100242
			rain_light=0.499879
			rain_heavy=0.000121
			snow=0.200000
			blizzard=0.199758
			arctic_water=0.000
			mud=0.050012
			sandstorm=0.000000
			min_snow_level=0.000
		}
		period={
			between={ 0.2 30.2 }
			temperature={ -20.0 -7.00 }
			no_phenomenon=0.105133
			rain_light=0.497434
			rain_heavy=0.002566
			snow=0.200000
			blizzard=0.194867
			arctic_water=0.000
			mud=0.050257
			sandstorm=0.000000
			min_snow_level=0.000
		}
		period={
			between={ 0.3 29.3 }
			temperature={ -16.0 -4.00 }
			no_phenomenon=0.152944
			rain_light=0.473528
			rain_heavy=0.026472
			snow=0.200000
			blizzard=0.147056
			arctic_water=0.000
			mud=0.052647
			sandstorm=0.000000
			min_snow_level=0.000
		}
		period={
			between={ 0.4 30.4 }
			temperature={ -9.00 3.000 }
			no_phenomenon=0.305918
			rain_light=0.423521
			rain_heavy=0.076479
			snow=0.147041
			blizzard=0.047041
			arctic_water=0.000
			mud=0.057648
			sandstorm=0.000000
			min_snow_level=0.000
		}
		period={
			between={ 0.5 29.5 }
			temperature={ -2.00 10.00 }
			no_phenomenon=0.456484
			rain_light=0.371758
			rain_heavy=0.128242
			snow=0.043516
			blizzard=0.000000
			arctic_water=0.000
			mud=0.062824
			sandstorm=0.000000
			min_snow_level=0.000
		}
		period={
			between={ 0.6 30.6 }
			temperature={ 5.000 18.00 }
			no_phenomenon=0.500000
			rain_light=0.319995
			rain_heavy=0.180005
			snow=0.000000
			blizzard=0.000000
			arctic_water=0.000
			mud=0.068000
			sandstorm=0.000000
			min_snow_level=0.000
		}
		period={
			between={ 0.7 30.7 }
			temperature={ -2.00 10.00 }
			no_phenomenon=0.456484
			rain_light=0.371758
			rain_heavy=0.128242
			snow=0.043516
			blizzard=0.000000
			arctic_water=0.000
			mud=0.062824
			sandstorm=0.000000
			min_snow_level=0.000
		}
		period={
			between={ 0.8 29.8 }
			temperature={ -9.00 3.000 }
			no_phenomenon=0.305918
			rain_light=0.423521
			rain_heavy=0.076479
			snow=0.147041
			blizzard=0.047041
			arctic_water=0.000
			mud=0.057648
			sandstorm=0.000000
			min_snow_level=0.000
		}
		period={
			between={ 0.9 30.9 }
			temperature={ -16.0 -4.00 }
			no_phenomenon=0.152944
			rain_light=0.473528
			rain_heavy=0.026472
			snow=0.200000
			blizzard=0.147056
			arctic_water=0.000
			mud=0.052647
			sandstorm=0.000000
			min_snow_level=0.000
		}
		period={
			between={ 0.10 29.10 }
			temperature={ -20.0 -7.00 }
			no_phenomenon=0.105133
			rain_light=0.497434
			rain_heavy=0.002566
			snow=0.200000
			blizzard=0.194867
			arctic_water=0.000
			mud=0.050257
			sandstorm=0.000000
			min_snow_level=0.000
		}
		period={
			between={ 0.11 30.11 }
			temperature={ -20.0 -8.00 }
			no_phenomenon=0.100242
			rain_light=0.499879
			rain_heavy=0.000121
			snow=0.200000
			blizzard=0.199758
			arctic_water=0.000
			mud=0.050012
			sandstorm=0.000000
			min_snow_level=0.000
		}
		
	}
}
