strategic_region={
	id=15
	name="STRATEGICREGION_15"
	provinces={
		9775 9777 9881 9914 9915 9916 9917 9965 9998 10020 10021 10031 10032 10042 10049 10050 10077 10090 10091 10126 10139 10150 10157 10177 10178 10188 10191 10200 10201 10219 10223 10224 10231 10232 10293 10314 10334 10339 10340 10341 10349 10358 10359 10404 10405 10412 10426 10435 10436 10448 10456 10457 10491 10500 10516 10521 10528 10537 10538 10554 10555 10561 10569 10578 10579 10588 10597 10620 10630 10631 10632 10645 10662 10663 10673 10674 10684 10696 10709 10717 10718 10727 10738 10748 10767 10773 10774 10781 10782 10800 10831 10832 10844 10845 10846 10860 10868 10897 10904 10913 10933 10934 10943 10944 10945 10958 10971 10984 11000 11001 11002 11007 11019 11033 11052 11058 11064 11090 11091 11105 11106 11115 11122 11131 11139 11168 11174 11186 11197 11202 11224 11225 11236 11273 11289 11290 11291 11297 11301 11310 11317 11318 11352 11357 11369 11398 11407 11413 11414 11415 11422 11449 11458 11459 11484 11494 11500 11534 11535 11536 11545 11570 11593 11594 11607 11613 11622 11625 11640 11642 11688 11698 11699 11704 11712 11723 11734 11752 11761 11786 11801 11809 11838 11859 11860 11867 11874 11875 11876 11885 11895 11955 11956 11969 11978 11979 11986 11987 11995 12009 12028 12036 12037 12057 12079 12080 12081 12098 12120 12121 12122 12149 12172 12194 12202 12203 12223 12224 12230 12248 12249 12250 12251 12273 12299 12320 12333 12344 12345 12350 12381 12390 12391 12392 12407 12415 12427 12433 12446 12497 12498 12504 12510 12511 12518 12532 12549 12550 12583 12584 12592 12626 12651 12664 12686 12691 12699 12701 12740 12741 12802 12803 12835 12892 12909 12918 12929 12957 13037 13057 13058 13090 13170 13218 13320 13354 13465 13505 13604 13617 13692 13705 13746 13796 13818 13894 13962 13963 14090 10125 10149 10187 10199 10286 10323 10333 10356 10357 10394 10490 10508 10509 10526 10527 10661 10695 10737 10760 10799 10825 10909 10931 10932 10951 11032 11051 11096 11130 11157 11167 11173 11195 11196 11201 11235 11258 11259 11280 11300 11306 11309 11316 11344 11367 11368 11378 11394 11406 11421 11434 11443 11457 11466 11470 11483 11499 11512 11518 11533 11560 11561 11569 11582 11621 11631 11632 11633 11651 11657 11664 11673 11681 11703 11711 11750 11751 11760 11770 11775 11785 11796 11800 11818 11829 11830 11849 11873 11883 11884 11894 11903 11926 11947 11953 11954 11963 11964 11977 12008 12013 12022 12035 12046 12055 12056 12087 12088 12097 12116 12117 12118 12119 12132 12141 12148 12183 12193 12201 12213 12246 12247 12267 12268 12269 12270 12271 12272 12285 12298 12308 12319 12332 12343 12357 12358 12359 12380 12388 12389 12400 12401 12406 12420 12421 12426 12437 12438 12445 12453 12454 12455 12465 12475 12517 12527 12531 12537 12538 12547 12548 12563 12572 12573 12574 12575 12581 12589 12590 12596 12609 12635 12636 12644 12650 12656 12684 12685 12697 12698 12714 12715 12723 12724 12731 12732 12747 12758 12765 12766 12778 12779 12780 12795 12800 12801 12809 12817 12827 12832 12854 12855 12856 12862 12863 12867 12874 12877 12878 12879 12901 12908 12915 12916 12927 12928 12937 12942 12943 12949 12955 12956 12965 12966 12977 12994 12995 13002 13003 13011 13021 13027 13034 13035 13036 13045 13046 13054 13065 13070 13071 13078 13079 13080 13081 13087 13088 13115 13116 13121 13122 13123 13130 13153 13154 13155 13164 13167 13168 13169 13176 13186 13208 13209 13215 13216 13222 13223 13232 13238 13239 13240 13247 13256 13270 13271 13272 13273 13296 13297 13302 13303 13309 13316 13329 13361 13362 13384 13391 13392 13397 13398 13399 13400 13404 13405 13411 13412 13418 13424 13433 13434 13442 13449 13450 13463 13476 13486 13493 13503 13513 13520 13527 13534 13535 13539 13540 13548 13549 13558 13566 13580 13581 13587 13602 13603 13623 13624 13643 13652 13664 13669 13678 13679 13689 13690 13701 13709 13717 13718 13728 13738 13744 13755 13759 13760 13776 13794 13804 13826 13832 13833 13834 13844 13865 13866 13875 13876 13884 13885 13905 13911 13919 13934 13972 13973 13974 13980 14008 14018 14019 14030 14031 14048 14053 14087 14109 14133 14175 14183 14238 14239 14279 14328 14337 14375 14402 14403 14422 14457 14475 14521 14526 14566 14586 14587 14596 14633 14676 14702 14720 14735 14763 14813 14814 14848 14858 14859 14876 14925 14989 15003 15016 15039 15125 15153 15170 15252 
	}
	
	weather={
		period={
			between={ 0.0 30.0 }
			temperature={ 30.00 37.00 }
			no_phenomenon=0.500000
			rain_light=0.143879
			rain_heavy=0.356121
			snow=0.000000
			blizzard=0.000000
			arctic_water=0.000
			mud=0.085612
			sandstorm=0.000000
			min_snow_level=0.000
		}
		period={
			between={ 0.1 27.1 }
			temperature={ 31.00 39.00 }
			no_phenomenon=0.500000
			rain_light=0.132885
			rain_heavy=0.367115
			snow=0.000000
			blizzard=0.000000
			arctic_water=0.000
			mud=0.086711
			sandstorm=0.000000
			min_snow_level=0.000
		}
		period={
			between={ 0.2 30.2 }
			temperature={ 33.00 40.00 }
			no_phenomenon=0.500000
			rain_light=0.121892
			rain_heavy=0.378108
			snow=0.000000
			blizzard=0.000000
			arctic_water=0.000
			mud=0.087811
			sandstorm=0.000000
			min_snow_level=0.000
		}
		period={
			between={ 0.3 29.3 }
			temperature={ 34.00 42.00 }
			no_phenomenon=0.500000
			rain_light=0.110898
			rain_heavy=0.389102
			snow=0.000000
			blizzard=0.000000
			arctic_water=0.000
			mud=0.088910
			sandstorm=0.000000
			min_snow_level=0.000
		}
		period={
			between={ 0.4 30.4 }
			temperature={ 36.00 43.00 }
			no_phenomenon=0.500000
			rain_light=0.099904
			rain_heavy=0.400096
			snow=0.000000
			blizzard=0.000000
			arctic_water=0.000
			mud=0.090010
			sandstorm=0.000000
			min_snow_level=0.000
		}
		period={
			between={ 0.5 29.5 }
			temperature={ 38.00 45.00 }
			no_phenomenon=0.500000
			rain_light=0.088910
			rain_heavy=0.411090
			snow=0.000000
			blizzard=0.000000
			arctic_water=0.000
			mud=0.091109
			sandstorm=0.000000
			min_snow_level=0.000
		}
		period={
			between={ 0.6 30.6 }
			temperature={ 39.00 46.00 }
			no_phenomenon=0.500000
			rain_light=0.077917
			rain_heavy=0.422083
			snow=0.000000
			blizzard=0.000000
			arctic_water=0.000
			mud=0.092208
			sandstorm=0.000000
			min_snow_level=0.000
		}
		period={
			between={ 0.7 30.7 }
			temperature={ 38.00 45.00 }
			no_phenomenon=0.500000
			rain_light=0.088910
			rain_heavy=0.411090
			snow=0.000000
			blizzard=0.000000
			arctic_water=0.000
			mud=0.091109
			sandstorm=0.000000
			min_snow_level=0.000
		}
		period={
			between={ 0.8 29.8 }
			temperature={ 36.00 43.00 }
			no_phenomenon=0.500000
			rain_light=0.099904
			rain_heavy=0.400096
			snow=0.000000
			blizzard=0.000000
			arctic_water=0.000
			mud=0.090010
			sandstorm=0.000000
			min_snow_level=0.000
		}
		period={
			between={ 0.9 30.9 }
			temperature={ 34.00 42.00 }
			no_phenomenon=0.500000
			rain_light=0.110898
			rain_heavy=0.389102
			snow=0.000000
			blizzard=0.000000
			arctic_water=0.000
			mud=0.088910
			sandstorm=0.000000
			min_snow_level=0.000
		}
		period={
			between={ 0.10 29.10 }
			temperature={ 33.00 40.00 }
			no_phenomenon=0.500000
			rain_light=0.121892
			rain_heavy=0.378108
			snow=0.000000
			blizzard=0.000000
			arctic_water=0.000
			mud=0.087811
			sandstorm=0.000000
			min_snow_level=0.000
		}
		period={
			between={ 0.11 30.11 }
			temperature={ 31.00 39.00 }
			no_phenomenon=0.500000
			rain_light=0.132885
			rain_heavy=0.367115
			snow=0.000000
			blizzard=0.000000
			arctic_water=0.000
			mud=0.086711
			sandstorm=0.000000
			min_snow_level=0.000
		}
		
	}
}
