strategic_region={
	id=17
	name="STRATEGICREGION_17"
	provinces={
		13377 13408 13416 13473 13563 13591 13592 13614 13697 13698 13722 13734 13742 13772 13814 13829 13842 13920 13925 13926 13943 13944 13985 14012 14013 14015 14042 14057 14067 14069 14070 14092 14093 14094 14104 14114 14121 14171 14188 14210 14211 14255 14262 14263 14264 14273 14286 14290 14297 14302 14325 14333 14356 14411 14421 14430 14431 14437 14438 14439 14486 14487 14501 14549 14592 14593 14601 14632 14646 12261 12316 12340 12348 12376 12435 12452 12507 12535 12553 12554 12558 12559 12607 12611 12619 12631 12661 12677 12705 12721 12744 12763 12773 12786 12793 12820 12821 12837 12859 12871 12872 12911 12912 12933 12952 12953 12961 13004 13008 13017 13018 13019 13062 13063 13101 13118 13125 13135 13136 13137 13166 13172 13173 13181 13212 13221 13234 13290 13300 13318 13324 13332 13342 13348 13369 13407 13474 13480 13481 13500 13509 13522 13554 13598 13606 13676 13743 10025 10086 10131 10132 10198 10227 10236 10281 10282 10309 10317 10352 10387 10399 10420 10449 10450 10460 10479 10480 10497 10572 10581 10582 10593 10594 10610 10618 10626 10640 10667 10668 10678 10702 10703 10712 10720 10730 10741 10742 10764 10772 10777 10804 10810 10811 10852 10853 10857 10858 10880 10886 10900 10906 10917 10936 10947 10948 10955 10963 10976 10987 11006 11013 11014 11061 11067 11075 11076 11077 11083 11092 11093 11109 11110 11111 11193 11194 11207 11216 11217 11218 11222 11228 11253 11329 11339 11348 11349 11365 10740 10771 10838 10863 10864 10869 10924 11012 11023 11040 11161 11180 11181 11199 11227 11337 11338 11347 11372 11380 11400 11401 11428 11437 11438 11454 11497 11505 11514 11522 11523 11524 11553 11564 11576 11604 11645 11646 11661 11676 11716 11717 11736 11757 11793 11794 11832 11890 11899 11913 11948 12061 12111 10977 11024 11047 11112 11125 11152 11208 11242 11243 11244 11245 11265 11275 11299 11313 11324 11350 11373 11391 11392 11410 11429 11468 11478 11479 11506 11510 11515 11565 11615 11616 11617 11637 11669 11670 11685 11729 11730 11763 11764 11765 11771 11772 11807 11824 11856 11891 11905 11914 11915 11918 11919 11941 11982 12030 12031 12041 12042 12050 12068 12069 12104 12125 12166 12170 12181 12182 12189 12208 12219 12254 12288 12293 12326 12336 12337 12338 12339 12428 12434 12441 12450 12451 12471 12480 12481 12506 12577 12586 12604 12605 12606 12647 12660 12720 12772 12785 12792 12843 12940 12983 12991 13030 11162 11182 11276 11286 11293 11330 11374 11381 11402 11411 11455 11462 11498 11528 11529 11530 11542 11554 11555 11605 11647 11655 11656 11671 11677 11692 11702 11746 11747 11758 11766 11773 11774 11799 11825 11833 11843 11853 11857 11864 11880 11900 11920 11921 11942 11943 11960 11983 11984 11990 12004 12019 12032 12062 12073 12074 12075 12112 12126 12135 12136 12145 12153 12167 12205 12228 12229 12242 12262 12263 12281 12282 12314 12356 12409 12436 12442 12461 12482 12521 11477 11487 11575 11587 11628 11707 11728 11741 11780 11781 11798 11823 11842 11870 11879 11888 11889 11930 11931 11975 11999 12026 12027 12040 12059 12060 12103 12124 12157 12158 12176 12188 12197 12218 12227 12287 12291 12292 12313 12324 12325 12360 12368 12404 12494 12519 12552 12568 12593 12618 12719 12736 12771 12851 12852 12876 12932 11708 11759 11767 11834 11835 11844 11916 11922 11932 11961 11976 11991 11992 12051 12070 12093 12105 12113 12146 12159 12190 12198 12199 12209 12243 12255 12317 12327 12328 12329 12361 12370 12377 12410 12423 12472 12483 12495 12501 12515 12529 12542 12579 12600 12601 12620 12621 12670 12671 12727 12728 12750 12814 12822 12823 12844 12845 12913 12925 12971 13007 13032 13040 13064 13150 13279 13280 13439 12520 12541 12578 12587 12588 12594 12662 12667 12668 12669 12706 12774 12775 12787 12797 12853 12860 12897 12898 12923 12924 12997 13005 13006 13031 13052 13073 13074 13113 13119 13138 13144 13162 13193 13194 13195 13205 13227 13235 13285 13291 13292 13313 13325 13326 13349 13370 13371 13372 13438 13445 13446 13454 13468 13482 13510 13517 13523 13532 13579 13585 13599 13607 13608 13615 13629 13649 13685 13686 13687 13699 13750 13773 13774 13781 13801 13806 13823 13830 13831 13852 13902 13903 13916 13917 13927 13956 13957 13966 14014 14043 14052 14058 
	}
	
	weather={
		period={
			between={ 0.0 30.0 }
			temperature={ 1.000 3.000 }
			no_phenomenon=0.500000
			rain_light=0.346877
			rain_heavy=0.153123
			snow=0.000000
			blizzard=0.000000
			arctic_water=0.000
			mud=0.065312
			sandstorm=0.000000
			min_snow_level=0.000
		}
		period={
			between={ 0.1 27.1 }
			temperature={ 5.000 6.000 }
			no_phenomenon=0.500000
			rain_light=0.319034
			rain_heavy=0.180966
			snow=0.000000
			blizzard=0.000000
			arctic_water=0.000
			mud=0.068097
			sandstorm=0.000000
			min_snow_level=0.000
		}
		period={
			between={ 0.2 30.2 }
			temperature={ 9.000 10.00 }
			no_phenomenon=0.500000
			rain_light=0.291192
			rain_heavy=0.208808
			snow=0.000000
			blizzard=0.000000
			arctic_water=0.000
			mud=0.070881
			sandstorm=0.000000
			min_snow_level=0.000
		}
		period={
			between={ 0.3 29.3 }
			temperature={ 13.00 14.00 }
			no_phenomenon=0.500000
			rain_light=0.263350
			rain_heavy=0.236650
			snow=0.000000
			blizzard=0.000000
			arctic_water=0.000
			mud=0.073665
			sandstorm=0.000000
			min_snow_level=0.000
		}
		period={
			between={ 0.4 30.4 }
			temperature={ 17.00 18.00 }
			no_phenomenon=0.500000
			rain_light=0.235508
			rain_heavy=0.264492
			snow=0.000000
			blizzard=0.000000
			arctic_water=0.000
			mud=0.076449
			sandstorm=0.000000
			min_snow_level=0.000
		}
		period={
			between={ 0.5 29.5 }
			temperature={ 21.00 22.00 }
			no_phenomenon=0.500000
			rain_light=0.207665
			rain_heavy=0.292335
			snow=0.000000
			blizzard=0.000000
			arctic_water=0.000
			mud=0.079233
			sandstorm=0.000000
			min_snow_level=0.000
		}
		period={
			between={ 0.6 30.6 }
			temperature={ 25.00 26.00 }
			no_phenomenon=0.500000
			rain_light=0.179823
			rain_heavy=0.320177
			snow=0.000000
			blizzard=0.000000
			arctic_water=0.000
			mud=0.082018
			sandstorm=0.000000
			min_snow_level=0.000
		}
		period={
			between={ 0.7 30.7 }
			temperature={ 21.00 22.00 }
			no_phenomenon=0.500000
			rain_light=0.207665
			rain_heavy=0.292335
			snow=0.000000
			blizzard=0.000000
			arctic_water=0.000
			mud=0.079233
			sandstorm=0.000000
			min_snow_level=0.000
		}
		period={
			between={ 0.8 29.8 }
			temperature={ 17.00 18.00 }
			no_phenomenon=0.500000
			rain_light=0.235508
			rain_heavy=0.264492
			snow=0.000000
			blizzard=0.000000
			arctic_water=0.000
			mud=0.076449
			sandstorm=0.000000
			min_snow_level=0.000
		}
		period={
			between={ 0.9 30.9 }
			temperature={ 13.00 14.00 }
			no_phenomenon=0.500000
			rain_light=0.263350
			rain_heavy=0.236650
			snow=0.000000
			blizzard=0.000000
			arctic_water=0.000
			mud=0.073665
			sandstorm=0.000000
			min_snow_level=0.000
		}
		period={
			between={ 0.10 29.10 }
			temperature={ 9.000 10.00 }
			no_phenomenon=0.500000
			rain_light=0.291192
			rain_heavy=0.208808
			snow=0.000000
			blizzard=0.000000
			arctic_water=0.000
			mud=0.070881
			sandstorm=0.000000
			min_snow_level=0.000
		}
		period={
			between={ 0.11 30.11 }
			temperature={ 5.000 6.000 }
			no_phenomenon=0.500000
			rain_light=0.319034
			rain_heavy=0.180966
			snow=0.000000
			blizzard=0.000000
			arctic_water=0.000
			mud=0.068097
			sandstorm=0.000000
			min_snow_level=0.000
		}
		
	}
}
