strategic_region={
	id=18
	name="STRATEGICREGION_18"
	provinces={
		16211 16296 16471 16566 16627 16797 16824 16993 17071 17114 16837 16838 16857 16886 16920 16928 16959 17040 17087 17150 17161 17171 17199 17234 17253 17262 17271 17309 17357 17373 17390 17411 17420 17440 17510 17531 17556 17561 17662 17667 17747 17804 17811 17870 17170 17269 17270 17282 17293 17372 17410 17429 17439 17509 17555 17609 17675 17327 17423 17454 17532 17540 17579 17585 17668 17691 17709 17715 17795 17852 17856 17863 17882 17936 17591 17599 17622 17639 17646 17666 17698 17707 17777 17785 17818 17842 17903 17966 17967 17993 18065 18071 18083 18131 17592 17608 17640 17708 17731 17762 17843 17896 17935 17956 18035 18057 18084 18116 18160 18186 18198 17732 17755 17794 17862 17897 17912 17925 18036 18051 18085 17571 17572 17647 17681 17699 17819 17881 17916 17968 17996 18001 18101 18108 18135 17969 18026 18037 18075 18224 15927 16003 16027 16041 16162 16171 16218 16226 16277 16286 16314 16337 16338 16346 16354 16355 16373 16411 16427 16459 16469 16473 16483 16488 16494 16511 16476 16534 16558 16674 16706 16751 16817 16836 16906 16936 16949 16979 16992 17050 17081 17112 17113 17168 17169 17180 17190 17204 17205 17232 17243 17252 17261 17289 17319 17326 17355 17371 17388 17389 17398 17409 17419 17438 17478 17479 17521 17522 17539 17621 17633 17638 17661 17768 17788 17793 17911 16470 16489 16517 16542 16609 16668 16771 16796 16881 16938 16974 17052 17134 17198 17926 17959 17976 17977 18027 18038 18046 18076 18117 18142 18166 18183 18188 18258 18272 18273 18286 18347 18368 18411 18412 18482 16915 16937 16950 16951 17014 17033 17038 17051 17070 17160 17214 17223 17233 17268 17343 17399 17487 17523 17524 15105 15136 15137 15138 15178 15179 15189 15206 15207 15223 15276 15299 15310 15353 15354 15366 15386 15387 15440 15448 15472 15482 15497 15498 15534 15542 15576 15585 15591 15592 15596 15597 15631 15692 15707 15708 15712 15713 15718 15737 15760 15788 15789 15881 15891 15898 15928 15936 16042 16050 16063 16182 15652 15759 15782 15807 15808 15830 15866 15873 15911 15948 15949 15995 16004 16005 16070 16071 16082 16118 16134 16143 16152 16153 16163 16172 16241 16257 16276 16281 16339 16347 16573 16580 16587 16588 16589 16598 16599 16608 16626 16635 16654 16675 16698 16699 16732 16733 16757 16770 16795 16807 16818 16845 16885 16929 16930 17039 17063 17075 17133 17181 17215 17320 17332 17356 17360 17470 17492 17525 
	}
	
	weather={
		period={
			between={ 0.0 30.0 }
			temperature={ -19.0 -12.0 }
			no_phenomenon=0.120909
			rain_light=0.489546
			rain_heavy=0.010454
			snow=0.200000
			blizzard=0.179091
			arctic_water=0.000
			mud=0.051045
			sandstorm=0.000000
			min_snow_level=0.000
		}
		period={
			between={ 0.1 27.1 }
			temperature={ -15.0 -9.00 }
			no_phenomenon=0.172854
			rain_light=0.463573
			rain_heavy=0.036427
			snow=0.200000
			blizzard=0.127146
			arctic_water=0.000
			mud=0.053643
			sandstorm=0.000000
			min_snow_level=0.000
		}
		period={
			between={ 0.2 30.2 }
			temperature={ -9.00 -3.00 }
			no_phenomenon=0.308434
			rain_light=0.422891
			rain_heavy=0.077109
			snow=0.145783
			blizzard=0.045783
			arctic_water=0.000
			mud=0.057711
			sandstorm=0.000000
			min_snow_level=0.000
		}
		period={
			between={ 0.3 29.3 }
			temperature={ -3.00 3.000 }
			no_phenomenon=0.441181
			rain_light=0.379409
			rain_heavy=0.120591
			snow=0.058819
			blizzard=0.000000
			arctic_water=0.000
			mud=0.062059
			sandstorm=0.000000
			min_snow_level=0.000
		}
		period={
			between={ 0.4 30.4 }
			temperature={ 3.000 9.000 }
			no_phenomenon=0.500000
			rain_light=0.335927
			rain_heavy=0.164073
			snow=0.000000
			blizzard=0.000000
			arctic_water=0.000
			mud=0.066407
			sandstorm=0.000000
			min_snow_level=0.000
		}
		period={
			between={ 0.5 29.5 }
			temperature={ 9.000 15.00 }
			no_phenomenon=0.500000
			rain_light=0.292445
			rain_heavy=0.207555
			snow=0.000000
			blizzard=0.000000
			arctic_water=0.000
			mud=0.070755
			sandstorm=0.000000
			min_snow_level=0.000
		}
		period={
			between={ 0.6 30.6 }
			temperature={ 15.00 21.00 }
			no_phenomenon=0.500000
			rain_light=0.248963
			rain_heavy=0.251037
			snow=0.000000
			blizzard=0.000000
			arctic_water=0.000
			mud=0.075104
			sandstorm=0.000000
			min_snow_level=0.000
		}
		period={
			between={ 0.7 30.7 }
			temperature={ 9.000 15.00 }
			no_phenomenon=0.500000
			rain_light=0.292445
			rain_heavy=0.207555
			snow=0.000000
			blizzard=0.000000
			arctic_water=0.000
			mud=0.070755
			sandstorm=0.000000
			min_snow_level=0.000
		}
		period={
			between={ 0.8 29.8 }
			temperature={ 3.000 9.000 }
			no_phenomenon=0.500000
			rain_light=0.335927
			rain_heavy=0.164073
			snow=0.000000
			blizzard=0.000000
			arctic_water=0.000
			mud=0.066407
			sandstorm=0.000000
			min_snow_level=0.000
		}
		period={
			between={ 0.9 30.9 }
			temperature={ -3.00 3.000 }
			no_phenomenon=0.441181
			rain_light=0.379409
			rain_heavy=0.120591
			snow=0.058819
			blizzard=0.000000
			arctic_water=0.000
			mud=0.062059
			sandstorm=0.000000
			min_snow_level=0.000
		}
		period={
			between={ 0.10 29.10 }
			temperature={ -9.00 -3.00 }
			no_phenomenon=0.308434
			rain_light=0.422891
			rain_heavy=0.077109
			snow=0.145783
			blizzard=0.045783
			arctic_water=0.000
			mud=0.057711
			sandstorm=0.000000
			min_snow_level=0.000
		}
		period={
			between={ 0.11 30.11 }
			temperature={ -15.0 -9.00 }
			no_phenomenon=0.172854
			rain_light=0.463573
			rain_heavy=0.036427
			snow=0.200000
			blizzard=0.127146
			arctic_water=0.000
			mud=0.053643
			sandstorm=0.000000
			min_snow_level=0.000
		}
		
	}
}
