strategic_region={
	id=19
	name="STRATEGICREGION_19"
	provinces={
		14833 14860 14897 14898 14984 15023 15031 15032 15073 15140 15154 15171 15172 15243 15244 15318 15319 15341 15347 15367 15432 15449 15474 15523 15537 15543 15555 15588 15611 15616 15623 15633 15634 15635 15644 15656 15665 15696 15702 15703 15709 15721 15722 15731 15738 15739 15740 15768 15769 15783 15798 15799 15800 15801 15802 15814 15824 15831 15832 15833 15839 15854 15858 15867 15889 15909 15913 15914 15923 15924 15930 15938 15939 15940 15960 15969 15975 15983 15987 15992 15993 16018 16029 16045 16046 16054 16055 16066 16067 16077 16090 16091 16098 16113 16122 16144 16155 16165 16189 16190 16191 16212 16220 16230 16252 16259 16271 16278 16289 16290 16298 16328 16330 16349 16368 16384 16391 16406 16430 16431 16435 16442 16503 16504 16505 16516 16520 16546 16547 16602 16618 16619 16620 16657 16691 16703 16704 16722 16736 16746 16759 16800 16841 16847 16848 16862 16873 16882 16909 16917 16944 16953 16963 16970 16975 16990 17018 17027 17028 17029 17035 17042 17043 17044 17054 17073 17090 17091 17106 17115 17157 17175 17185 17186 17192 17193 17200 17207 17225 17246 17255 17256 17272 17314 17322 17337 17338 17345 17375 17401 17414 17432 17455 17458 17490 17496 17504 17511 17542 17564 17582 17601 17642 17649 17670 17704 17739 17749 17750 17769 17789 17798 17807 17813 17822 17836 17885 17886 17899 17900 17907 17918 17939 17947 17948 17961 18011 18016 18017 18039 18048 18054 18059 18068 18073 18087 18088 18144 18150 18154 18155 18167 18178 18204 18265 18275 18288 18303 18314 18380 18438 18457 18534 12582 12591 12672 12692 12700 12759 12781 12782 12810 12818 12868 12875 12880 12891 12917 12944 12950 12959 12979 13012 13066 13089 13106 13124 13141 13198 13210 13257 13265 13299 13338 13364 13435 13457 13477 13504 13568 12978 13047 13055 13146 13156 13241 13264 13274 13298 13336 13337 13385 13393 13419 13420 13443 13495 13528 13541 13567 13575 13582 13626 13637 13680 13681 13710 13745 13756 13861 13877 13892 13893 14033 14050 12980 13056 13067 13177 13199 13217 13266 13317 13344 13373 13401 13464 13487 13496 13521 13550 13551 13583 13596 13627 13644 13653 13666 13674 13682 13691 13762 13777 13778 13809 13816 13817 13827 13878 13907 13921 13937 13952 13961 13982 14009 14010 14021 14022 14034 14035 14036 14037 14051 14061 14080 14091 14098 14099 14100 14111 14112 14124 14125 14142 14143 14159 14176 14184 14195 14196 14197 14216 14217 14242 14250 14251 14258 14259 14260 14261 14282 14295 14329 14338 14342 14343 14351 14363 14364 14380 14390 14405 14406 14417 14423 14424 14450 14465 14472 14478 14479 14490 14496 14511 14517 14527 14528 14536 14543 14558 14559 14575 14581 14588 14607 14621 14622 14643 14655 14656 14670 14686 14687 14688 14693 14710 14722 14736 14737 14767 14790 14805 14821 14834 14849 14861 14870 14877 14882 14888 14889 14919 14951 14952 14960 14967 14968 14973 14974 14975 15026 15027 15028 15041 15053 15079 15088 15112 15113 15117 15118 15129 15146 15157 15166 15173 15191 15210 15211 15225 15226 15236 15245 15246 15269 15286 15287 15292 15322 15330 15349 15356 15357 15358 15359 15376 15390 15391 15411 15412 15424 15425 15433 15442 15455 15464 15465 15466 15509 15518 15519 15530 15531 15532 15533 15538 15547 15548 15556 15559 15577 15589 15595 15600 15619 15645 15646 15647 15657 15673 15674 15675 15685 15704 15715 15750 15776 15803 15815 15816 15825 15826 15868 15884 15925 15931 15952 15953 15976 15977 16047 16056 16057 16078 16092 16104 16123 16156 16166 16178 16192 16207 16221 16253 16260 16283 16331 16332 16350 16377 16393 16424 16462 16478 16496 16506 16521 16530 16548 16561 16569 16611 16658 16670 16676 16692 16693 16726 16737 16781 16801 16804 16874 16891 16910 16932 13335 13363 13475 13494 13514 13611 13625 13665 13702 13703 13704 13729 13761 13783 13795 13805 13839 13840 13858 13859 13930 13931 13935 13936 13950 13951 13981 13987 14032 14049 14073 14078 14088 14089 14116 14151 14157 14201 14202 14240 14247 14248 14257 14307 14308 14376 14377 14383 14404 14412 14435 14444 14476 14509 14534 14535 14541 14556 14605 14620 14662 14677 14678 14685 14721 14741 14742 14758 14765 14771 14772 14815 14840 14905 14917 14918 14935 15024 15033 13860 13906 13960 13968 14020 14060 14079 14110 14158 14194 14215 14230 14231 14241 14249 14280 14281 14294 14378 14379 14384 14389 14394 14413 14448 14449 14464 14477 14510 14542 14557 14567 14574 14597 14606 14627 14634 14642 14654 14679 14692 14743 14744 14766 14773 14795 14803 14804 14820 14869 14887 14906 14907 14936 14959 14972 14990 15004 15010 15025 15040 15068 15069 15074 15109 15110 15111 15155 15156 15165 15183 15190 15197 15217 15224 15234 15235 15259 15262 15268 15277 15278 15285 15291 15320 15321 15348 15375 15382 15388 15389 15410 15415 15416 15423 15462 15463 15475 15507 15508 15524 15529 15544 15545 15546 15594 15610 15624 15671 15672 15767 16308 16329 16405 16414 16461 16529 15961 
	}
	
	weather={
		period={
			between={ 0.0 30.0 }
			temperature={ -16.0 -10.0 }
			no_phenomenon=0.157490
			rain_light=0.471255
			rain_heavy=0.028745
			snow=0.200000
			blizzard=0.142510
			arctic_water=0.000
			mud=0.052875
			sandstorm=0.000000
			min_snow_level=0.000
		}
		period={
			between={ 0.1 27.1 }
			temperature={ -13.0 -6.00 }
			no_phenomenon=0.207783
			rain_light=0.448054
			rain_heavy=0.051946
			snow=0.196108
			blizzard=0.096108
			arctic_water=0.000
			mud=0.055195
			sandstorm=0.000000
			min_snow_level=0.000
		}
		period={
			between={ 0.2 30.2 }
			temperature={ -9.00 -2.00 }
			no_phenomenon=0.328486
			rain_light=0.417878
			rain_heavy=0.082122
			snow=0.135757
			blizzard=0.035757
			arctic_water=0.000
			mud=0.058212
			sandstorm=0.000000
			min_snow_level=0.000
		}
		period={
			between={ 0.3 29.3 }
			temperature={ -3.00 3.000 }
			no_phenomenon=0.441839
			rain_light=0.379080
			rain_heavy=0.120920
			snow=0.058161
			blizzard=0.000000
			arctic_water=0.000
			mud=0.062092
			sandstorm=0.000000
			min_snow_level=0.000
		}
		period={
			between={ 0.4 30.4 }
			temperature={ 3.000 9.000 }
			no_phenomenon=0.500000
			rain_light=0.337110
			rain_heavy=0.162890
			snow=0.000000
			blizzard=0.000000
			arctic_water=0.000
			mud=0.066289
			sandstorm=0.000000
			min_snow_level=0.000
		}
		period={
			between={ 0.5 29.5 }
			temperature={ 9.000 15.00 }
			no_phenomenon=0.500000
			rain_light=0.294222
			rain_heavy=0.205778
			snow=0.000000
			blizzard=0.000000
			arctic_water=0.000
			mud=0.070578
			sandstorm=0.000000
			min_snow_level=0.000
		}
		period={
			between={ 0.6 30.6 }
			temperature={ 15.00 21.00 }
			no_phenomenon=0.500000
			rain_light=0.251198
			rain_heavy=0.248802
			snow=0.000000
			blizzard=0.000000
			arctic_water=0.000
			mud=0.074880
			sandstorm=0.000000
			min_snow_level=0.000
		}
		period={
			between={ 0.7 30.7 }
			temperature={ 9.000 15.00 }
			no_phenomenon=0.500000
			rain_light=0.294222
			rain_heavy=0.205778
			snow=0.000000
			blizzard=0.000000
			arctic_water=0.000
			mud=0.070578
			sandstorm=0.000000
			min_snow_level=0.000
		}
		period={
			between={ 0.8 29.8 }
			temperature={ 3.000 9.000 }
			no_phenomenon=0.500000
			rain_light=0.337110
			rain_heavy=0.162890
			snow=0.000000
			blizzard=0.000000
			arctic_water=0.000
			mud=0.066289
			sandstorm=0.000000
			min_snow_level=0.000
		}
		period={
			between={ 0.9 30.9 }
			temperature={ -3.00 3.000 }
			no_phenomenon=0.441839
			rain_light=0.379080
			rain_heavy=0.120920
			snow=0.058161
			blizzard=0.000000
			arctic_water=0.000
			mud=0.062092
			sandstorm=0.000000
			min_snow_level=0.000
		}
		period={
			between={ 0.10 29.10 }
			temperature={ -9.00 -2.00 }
			no_phenomenon=0.328486
			rain_light=0.417878
			rain_heavy=0.082122
			snow=0.135757
			blizzard=0.035757
			arctic_water=0.000
			mud=0.058212
			sandstorm=0.000000
			min_snow_level=0.000
		}
		period={
			between={ 0.11 30.11 }
			temperature={ -13.0 -6.00 }
			no_phenomenon=0.207783
			rain_light=0.448054
			rain_heavy=0.051946
			snow=0.196108
			blizzard=0.096108
			arctic_water=0.000
			mud=0.055195
			sandstorm=0.000000
			min_snow_level=0.000
		}
		
	}
}
