strategic_region={
	id=5
	name="STRATEGICREGION_5"
	provinces={
		12294 12295 12385 12411 12431 12462 12484 12523 12524 12543 12560 12602 12633 12641 12648 12655 12683 12695 12708 12709 12729 12745 12751 12776 12794 12807 12815 12816 12833 12846 12861 12873 12886 12887 12914 12934 12947 12972 12974 12984 12993 12999 13000 13026 13033 13076 13120 13126 13174 13184 13206 13244 13293 13333 13343 13430 13455 12973 12992 13041 13096 13163 13175 13228 13294 13327 13358 14866 14881 14982 14999 15036 15037 15046 15071 15102 15103 15122 15162 15177 15203 15204 15240 15260 15309 15315 15328 15335 15346 15365 15397 15398 15421 15435 15458 15470 15471 15495 15496 15553 15565 15614 15640 15651 15670 15691 15700 15781 15837 15897 15907 15986 16049 16069 12866 12975 13010 13139 13237 13245 13262 13352 13359 13423 13432 13483 13526 13538 13572 13586 13632 13688 13837 13880 14026 12043 12114 12127 12210 12244 12264 12265 12384 12429 12430 12473 12522 12536 12632 12639 12640 12707 12737 12806 12831 12885 12946 12998 13009 13075 13183 13196 14154 14228 14303 14361 14447 14483 14514 14553 14602 14603 14639 14640 14652 14653 14709 14731 14753 14756 14757 14782 14817 14856 14867 14875 14928 14934 14948 15000 15013 15020 15047 15050 15066 15104 15123 15144 15205 15274 15275 15316 15399 14387 14492 14508 14585 14617 14650 14651 14661 14700 14779 14780 14781 14811 14812 14895 14927 14933 14939 14983 15072 13102 13197 13207 13334 13350 13351 13378 13379 13409 13431 13470 13471 13511 13533 13610 13641 13642 13767 13182 13236 13307 13308 13389 13429 13447 13469 13501 13537 13564 13571 13600 13630 13635 13661 13719 13735 13751 13775 13792 13824 13853 13889 13945 13958 13970 13994 14003 14044 14071 14084 14096 14148 14172 14180 14212 14227 14274 14287 14298 14326 14327 14334 14349 14359 14488 13462 13524 13546 13555 13593 13609 13631 13640 13714 13715 13723 13766 13793 13802 13843 13863 13869 13890 13910 13959 13978 13995 14004 14105 14122 14131 14199 13525 13565 13636 13650 13724 13736 13803 13807 13815 13854 13929 13946 13979 13996 14005 14016 14028 14045 14085 14162 14163 14191 14192 14350 13928 13933 14059 14095 14135 14189 14190 14226 14267 14291 14312 14347 14348 14357 14358 14370 14371 14393 14432 14452 14453 14466 14467 14504 14505 14506 14507 14520 14551 14571 14584 14616 14626 14648 14649 14672 14673 14699 14788 14792 14797 14886 14106 14173 14205 14206 14222 14234 14246 14292 14318 14335 14360 14372 14440 14446 14462 14552 14564 14697 14698 14729 14730 14769 14793 14794 14830 14874 14880 14916 14938 14964 15007 15061 15084 15101 15121 15222 15250 15273 15290 15408 15414 15431 15447 15469 15558 15564 15584 15639 15662 15690 15766 15779 15780 15806 15852 15872 15934 15935 15964 15991 16002 16086 16111 16126 16151 16161 16203 16217 16275 16313 16325 16365 16382 16468 16472 16509 16510 16615 16731 16899 
	}
	
	weather={
		period={
			between={ 0.0 30.0 }
			temperature={ 18.00 21.00 }
			no_phenomenon=0.500000
			rain_light=0.225161
			rain_heavy=0.274839
			snow=0.000000
			blizzard=0.000000
			arctic_water=0.000
			mud=0.077484
			sandstorm=0.000000
			min_snow_level=0.000
		}
		period={
			between={ 0.1 27.1 }
			temperature={ 21.00 23.00 }
			no_phenomenon=0.500000
			rain_light=0.205083
			rain_heavy=0.294917
			snow=0.000000
			blizzard=0.000000
			arctic_water=0.000
			mud=0.079492
			sandstorm=0.000000
			min_snow_level=0.000
		}
		period={
			between={ 0.2 30.2 }
			temperature={ 24.00 26.00 }
			no_phenomenon=0.500000
			rain_light=0.185004
			rain_heavy=0.314996
			snow=0.000000
			blizzard=0.000000
			arctic_water=0.000
			mud=0.081500
			sandstorm=0.000000
			min_snow_level=0.000
		}
		period={
			between={ 0.3 29.3 }
			temperature={ 27.00 29.00 }
			no_phenomenon=0.500000
			rain_light=0.164925
			rain_heavy=0.335075
			snow=0.000000
			blizzard=0.000000
			arctic_water=0.000
			mud=0.083508
			sandstorm=0.000000
			min_snow_level=0.000
		}
		period={
			between={ 0.4 30.4 }
			temperature={ 30.00 32.00 }
			no_phenomenon=0.500000
			rain_light=0.144846
			rain_heavy=0.355154
			snow=0.000000
			blizzard=0.000000
			arctic_water=0.000
			mud=0.085515
			sandstorm=0.000000
			min_snow_level=0.000
		}
		period={
			between={ 0.5 29.5 }
			temperature={ 33.00 35.00 }
			no_phenomenon=0.500000
			rain_light=0.124767
			rain_heavy=0.375233
			snow=0.000000
			blizzard=0.000000
			arctic_water=0.000
			mud=0.087523
			sandstorm=0.000000
			min_snow_level=0.000
		}
		period={
			between={ 0.6 30.6 }
			temperature={ 35.00 38.00 }
			no_phenomenon=0.500000
			rain_light=0.104688
			rain_heavy=0.395312
			snow=0.000000
			blizzard=0.000000
			arctic_water=0.000
			mud=0.089531
			sandstorm=0.000000
			min_snow_level=0.000
		}
		period={
			between={ 0.7 30.7 }
			temperature={ 33.00 35.00 }
			no_phenomenon=0.500000
			rain_light=0.124767
			rain_heavy=0.375233
			snow=0.000000
			blizzard=0.000000
			arctic_water=0.000
			mud=0.087523
			sandstorm=0.000000
			min_snow_level=0.000
		}
		period={
			between={ 0.8 29.8 }
			temperature={ 30.00 32.00 }
			no_phenomenon=0.500000
			rain_light=0.144846
			rain_heavy=0.355154
			snow=0.000000
			blizzard=0.000000
			arctic_water=0.000
			mud=0.085515
			sandstorm=0.000000
			min_snow_level=0.000
		}
		period={
			between={ 0.9 30.9 }
			temperature={ 27.00 29.00 }
			no_phenomenon=0.500000
			rain_light=0.164925
			rain_heavy=0.335075
			snow=0.000000
			blizzard=0.000000
			arctic_water=0.000
			mud=0.083508
			sandstorm=0.000000
			min_snow_level=0.000
		}
		period={
			between={ 0.10 29.10 }
			temperature={ 24.00 26.00 }
			no_phenomenon=0.500000
			rain_light=0.185004
			rain_heavy=0.314996
			snow=0.000000
			blizzard=0.000000
			arctic_water=0.000
			mud=0.081500
			sandstorm=0.000000
			min_snow_level=0.000
		}
		period={
			between={ 0.11 30.11 }
			temperature={ 21.00 23.00 }
			no_phenomenon=0.500000
			rain_light=0.205083
			rain_heavy=0.294917
			snow=0.000000
			blizzard=0.000000
			arctic_water=0.000
			mud=0.079492
			sandstorm=0.000000
			min_snow_level=0.000
		}
		
	}
}
