strategic_region={
	id=7
	name="STRATEGICREGION_7"
	provinces={
		1984 2013 2029 2041 2064 2068 2095 2124 2134 2154 2196 2197 2219 2237 2238 2239 2257 2265 2277 2287 2292 2293 2307 2381 2389 2399 2428 2438 2447 2460 2461 2469 2487 2494 2503 2504 2568 2572 2621 2628 2629 2653 2654 2667 2681 2682 2744 2760 2774 2787 2796 2803 2826 2832 2846 2855 2913 2914 2921 2939 2940 2976 2985 3001 3037 3046 3059 3066 3075 3076 3081 3082 3110 3123 3141 3152 3168 3180 3188 3197 3206 3210 3223 3238 3255 3260 3261 3265 3283 3284 3299 3317 3333 3341 3403 3410 3419 3420 3438 3446 3447 3451 3452 3457 3474 3494 3502 3514 3546 3580 3611 3630 3631 3632 3650 3675 3694 3707 3721 3731 3807 3808 3814 3822 3823 3833 3847 3858 3881 3929 3971 3985 3998 4007 4014 4022 4096 4106 4113 4129 4146 4161 4217 4218 4219 4223 4235 4268 3448 3547 3571 3659 3732 3740 3815 3834 3848 3867 3873 3962 3963 3979 4023 4024 4045 4079 4135 4147 4162 4207 4208 4236 4237 4261 4269 4317 4318 4340 4347 4359 4401 4417 4433 4442 4458 4463 4476 4477 4490 4536 4605 4629 4648 4651 4659 4680 4708 4722 4741 4764 4805 4830 4831 4858 4861 4915 4970 4985 4993 5022 5059 5071 5083 5144 5154 5155 5209 5260 5274 5283 5298 5299 5432 5459 5460 5520 5541 5545 5546 5599 5664 5737 5743 5764 5858 5867 5881 5930 6023 6032 6058 6145 6164 6194 6219 6260 6319 6404 6405 6516 6533 6634 6640 6732 6756 6770 6813 6822 6823 6861 6879 6925 6938 6979 7000 7017 7028 7041 7048 7049 7050 7093 7094 7103 7118 7119 7129 7157 7180 7240 7245 7274 7275 7289 7300 7301 7302 7344 7345 7346 7364 7365 7379 7386 7404 7413 7435 7459 7469 7470 7471 7529 7530 7537 7541 7555 7565 7572 7597 7610 7617 7618 7648 7652 7666 7667 7685 7694 7695 7726 7732 7733 7781 7782 7806 7817 7834 7888 7889 7894 7895 7902 7907 7908 7928 7940 7954 7967 7988 7995 8024 8050 8051 8072 8100 8109 8124 8134 8142 8153 8166 8171 8172 8183 8198 8199 8207 8235 8285 8314 8322 8332 8333 8340 8352 8359 8373 8381 8382 8409 8447 8465 8500 8506 8528 8568 8602 8610 8611 8618 8638 8644 8655 8673 8683 8690 8706 8799 8800 8807 8813 8846 8847 8863 8873 8910 8932 8969 8983 8988 9012 9019 9056 9066 9088 9095 9107 9129 9139 9175 9206 9277 9278 9288 9307 9341 9368 9369 9399 9400 9474 9519 9524 9545 9592 9607 9617 9633 9729 9768 9783 9838 9910 9931 10133 10143 10189 10336 10451 4301 4315 4316 4338 4339 4355 4356 4357 4358 4376 4377 4416 4432 4450 4451 4461 4462 4524 4535 4550 4604 4615 4627 4628 4647 4671 4672 4721 4763 4772 4798 4799 4815 4881 4882 4896 4897 4904 4969 4992 5001 5038 5096 5097 5149 5150 5153 5175 5208 5226 5234 5282 5334 5342 5343 5356 5385 5410 5441 5472 5507 5526 5571 5579 5588 5598 5663 5673 5689 5707 5763 5781 5790 5802 5828 5829 5889 5949 5957 5975 5985 6013 6022 6027 6031 6070 6088 6089 6170 6171 6172 6204 6209 6259 6278 6279 6280 6318 6323 6324 6356 6383 6403 6451 6476 6485 6514 6515 6549 6571 6579 6592 6614 6646 6647 6669 6701 6723 6783 6796 6804 6839 6845 6846 6847 6901 6960 6961 6972 6973 6999 7045 7046 7047 7144 7152 7155 7187 7208 7209 7221 7262 7269 7339 7363 7378 7385 7403 7420 7432 7468 7547 7571 7578 7609 7634 7646 7664 7683 7749 7771 7780 7795 7816 7863 7938 7976 7994 8016 8133 6686 6763 6987 6993 7124 7156 7168 7270 7340 7343 7433 7434 7487 7499 7528 7626 7647 7665 7678 7684 7750 7772 7843 7854 7864 7920 7927 7961 7977 8040 8081 8089 8099 8123 8206 8214 8226 8265 8275 8276 8446 8493 8661 8812 7906 7939 7960 8039 8088 8096 8097 8098 8120 8121 8122 8161 8162 8170 8192 8197 8224 8225 8250 8274 8301 8306 8330 8339 8350 8372 8408 8424 8434 8444 8445 8457 8499 8511 8534 8558 8576 8594 8601 8609 8616 8653 8735 8736 8744 8776 8822 8877 8889 8915 8953 8967 8994 9010 9055 9117 
	}
	
	weather={
		period={
			between={ 0.0 30.0 }
			temperature={ 16.00 21.00 }
			no_phenomenon=0.914653
			rain_light=0.041407
			rain_heavy=0.043940
			snow=0.000000
			blizzard=0.000000
			arctic_water=0.000
			mud=0.012929
			sandstorm=0.000000
			min_snow_level=0.000
		}
		period={
			between={ 0.1 27.1 }
			temperature={ 10.00 15.00 }
			no_phenomenon=0.914653
			rain_light=0.048415
			rain_heavy=0.036932
			snow=0.000000
			blizzard=0.000000
			arctic_water=0.000
			mud=0.012228
			sandstorm=0.000000
			min_snow_level=0.000
		}
		period={
			between={ 0.2 30.2 }
			temperature={ 5.000 9.000 }
			no_phenomenon=0.914653
			rain_light=0.055423
			rain_heavy=0.029924
			snow=0.000000
			blizzard=0.000000
			arctic_water=0.000
			mud=0.011527
			sandstorm=0.000000
			min_snow_level=0.000
		}
		period={
			between={ 0.3 29.3 }
			temperature={ -1.00 3.000 }
			no_phenomenon=0.909280
			rain_light=0.062429
			rain_heavy=0.022918
			snow=0.005373
			blizzard=0.000000
			arctic_water=0.000
			mud=0.010826
			sandstorm=0.000000
			min_snow_level=0.000
		}
		period={
			between={ 0.4 30.4 }
			temperature={ -7.00 -2.00 }
			no_phenomenon=0.893107
			rain_light=0.069397
			rain_heavy=0.015950
			snow=0.019308
			blizzard=0.002238
			arctic_water=0.000
			mud=0.010130
			sandstorm=0.000000
			min_snow_level=0.000
		}
		period={
			between={ 0.5 29.5 }
			temperature={ -12.0 -8.00 }
			no_phenomenon=0.866083
			rain_light=0.076153
			rain_heavy=0.009194
			snow=0.032820
			blizzard=0.015750
			arctic_water=0.000
			mud=0.009454
			sandstorm=0.000000
			min_snow_level=0.000
		}
		period={
			between={ 0.6 30.6 }
			temperature={ -17.0 -12.0 }
			no_phenomenon=0.854227
			rain_light=0.081421
			rain_heavy=0.003926
			snow=0.034139
			blizzard=0.026287
			arctic_water=0.000
			mud=0.008927
			sandstorm=0.000000
			min_snow_level=0.000
		}
		period={
			between={ 0.7 30.7 }
			temperature={ -12.0 -8.00 }
			no_phenomenon=0.866083
			rain_light=0.076153
			rain_heavy=0.009194
			snow=0.032820
			blizzard=0.015750
			arctic_water=0.000
			mud=0.009454
			sandstorm=0.000000
			min_snow_level=0.000
		}
		period={
			between={ 0.8 29.8 }
			temperature={ -7.00 -2.00 }
			no_phenomenon=0.893107
			rain_light=0.069397
			rain_heavy=0.015950
			snow=0.019308
			blizzard=0.002238
			arctic_water=0.000
			mud=0.010130
			sandstorm=0.000000
			min_snow_level=0.000
		}
		period={
			between={ 0.9 30.9 }
			temperature={ -1.00 3.000 }
			no_phenomenon=0.909280
			rain_light=0.062429
			rain_heavy=0.022918
			snow=0.005373
			blizzard=0.000000
			arctic_water=0.000
			mud=0.010826
			sandstorm=0.000000
			min_snow_level=0.000
		}
		period={
			between={ 0.10 29.10 }
			temperature={ 5.000 9.000 }
			no_phenomenon=0.914653
			rain_light=0.055423
			rain_heavy=0.029924
			snow=0.000000
			blizzard=0.000000
			arctic_water=0.000
			mud=0.011527
			sandstorm=0.000000
			min_snow_level=0.000
		}
		period={
			between={ 0.11 30.11 }
			temperature={ 10.00 15.00 }
			no_phenomenon=0.914653
			rain_light=0.048415
			rain_heavy=0.036932
			snow=0.000000
			blizzard=0.000000
			arctic_water=0.000
			mud=0.012228
			sandstorm=0.000000
			min_snow_level=0.000
		}
		
	}
}
