strategic_region={
	id=8
	name="STRATEGICREGION_8"
	provinces={
		2975 2999 3000 3045 3055 3080 3132 3151 3187 3237 3282 3316 3325 3379 3418 3445 3463 3513 3536 3590 3600 3610 3649 3713 3751 3761 3797 3832 3880 3888 3928 3951 3952 3984 3997 4059 4060 4095 4118 4159 4160 4179 4180 4206 4234 4253 4295 4300 4337 4354 4390 4415 4449 4468 4474 4475 4488 4489 4549 4586 4603 4614 4626 4646 4689 6047 6079 6184 6201 6330 6450 6611 2437 2620 2721 2877 2892 2984 6578 6612 6613 6627 6628 6676 6715 6716 6731 6811 6812 6820 6821 6852 6906 6924 6928 6959 6971 6998 7034 7068 7092 7102 7112 7113 7117 7151 7199 7228 7239 7244 7280 7288 7330 7402 7412 7426 7482 7509 7554 7564 7658 7663 7740 7785 7842 7901 7925 7974 8048 8080 8152 8190 8284 8300 8348 8417 8455 8456 8519 8532 8533 8567 8593 8600 8660 8688 8704 8710 8711 8721 8755 8775 8793 8806 8830 8845 8860 8876 8903 8946 8966 8976 8987 9017 9039 9053 9054 9081 9116 9138 9150 9164 9165 9187 9193 9221 9222 9234 9257 9295 9320 9348 9390 9396 9397 9416 9440 9487 9488 9512 9573 9574 9582 9590 9614 9615 9683 9727 9739 9754 9765 9766 9781 9834 9863 9918 10051 10068 10204 10225 4658 4679 4699 4719 4720 4740 4761 4762 4779 4780 4796 4797 4814 4856 4857 4880 4903 4914 4946 4958 4968 4973 5000 5013 5033 5047 5054 5089 5090 5117 5127 5142 5143 5174 5196 5225 5237 5247 5248 5259 5266 5273 5319 5333 5341 5355 5407 5408 5409 5419 5420 5421 5458 5465 5466 5494 5506 5544 5562 5563 5570 5597 5613 5625 5626 5635 5658 5662 5672 5688 5697 5728 5729 5741 5742 5771 5780 5801 5814 5827 5840 5849 5887 5888 5901 5902 5914 5929 5955 5956 5963 5973 5974 6012 6021 6048 6049 6057 6069 6086 6087 6113 6122 6135 6152 6193 6202 6203 6231 6232 6233 6248 6258 6269 6270 6277 6298 6308 6340 6341 6363 6424 6425 6443 6483 6484 6495 6541 6560 6331 6348 6382 6395 6418 6462 6465 6527 6570 6591 6623 6633 6663 6696 6743 6762 6795 6803 6853 6884 6929 6930 6978 7020 7021 7073 7139 7167 7179 7186 7261 7298 7299 7308 7338 7362 7384 7393 7458 7494 7516 7517 7518 7540 7546 7596 7608 7659 7677 7704 7719 7725 7748 7779 7815 7833 7873 7874 7919 7926 7932 7975 8014 8015 8038 8049 8108 8132 8160 8191 8234 8258 8264 8295 8349 8371 8395 8443 8464 8518 8549 8698 
	}
	
	weather={
		period={
			between={ 0.0 30.0 }
			temperature={ 21.00 23.00 }
			no_phenomenon=0.500000
			rain_light=0.208823
			rain_heavy=0.291177
			snow=0.000000
			blizzard=0.000000
			arctic_water=0.000
			mud=0.079118
			sandstorm=0.000000
			min_snow_level=0.000
		}
		period={
			between={ 0.1 27.1 }
			temperature={ 16.00 18.00 }
			no_phenomenon=0.500000
			rain_light=0.245460
			rain_heavy=0.254540
			snow=0.000000
			blizzard=0.000000
			arctic_water=0.000
			mud=0.075454
			sandstorm=0.000000
			min_snow_level=0.000
		}
		period={
			between={ 0.2 30.2 }
			temperature={ 11.00 13.00 }
			no_phenomenon=0.500000
			rain_light=0.282098
			rain_heavy=0.217902
			snow=0.000000
			blizzard=0.000000
			arctic_water=0.000
			mud=0.071790
			sandstorm=0.000000
			min_snow_level=0.000
		}
		period={
			between={ 0.3 29.3 }
			temperature={ 5.000 8.000 }
			no_phenomenon=0.500000
			rain_light=0.318735
			rain_heavy=0.181265
			snow=0.000000
			blizzard=0.000000
			arctic_water=0.000
			mud=0.068126
			sandstorm=0.000000
			min_snow_level=0.000
		}
		period={
			between={ 0.4 30.4 }
			temperature={ 0.000 3.000 }
			no_phenomenon=0.489255
			rain_light=0.355372
			rain_heavy=0.144628
			snow=0.010745
			blizzard=0.000000
			arctic_water=0.000
			mud=0.064463
			sandstorm=0.000000
			min_snow_level=0.000
		}
		period={
			between={ 0.5 29.5 }
			temperature={ -5.00 -2.00 }
			no_phenomenon=0.415980
			rain_light=0.392010
			rain_heavy=0.107990
			snow=0.084020
			blizzard=0.000000
			arctic_water=0.000
			mud=0.060799
			sandstorm=0.000000
			min_snow_level=0.000
		}
		period={
			between={ 0.6 30.6 }
			temperature={ -10.0 -7.00 }
			no_phenomenon=0.285503
			rain_light=0.428624
			rain_heavy=0.071376
			snow=0.157248
			blizzard=0.057248
			arctic_water=0.000
			mud=0.057138
			sandstorm=0.000000
			min_snow_level=0.000
		}
		period={
			between={ 0.7 30.7 }
			temperature={ -5.00 -2.00 }
			no_phenomenon=0.415980
			rain_light=0.392010
			rain_heavy=0.107990
			snow=0.084020
			blizzard=0.000000
			arctic_water=0.000
			mud=0.060799
			sandstorm=0.000000
			min_snow_level=0.000
		}
		period={
			between={ 0.8 29.8 }
			temperature={ 0.000 3.000 }
			no_phenomenon=0.489255
			rain_light=0.355372
			rain_heavy=0.144628
			snow=0.010745
			blizzard=0.000000
			arctic_water=0.000
			mud=0.064463
			sandstorm=0.000000
			min_snow_level=0.000
		}
		period={
			between={ 0.9 30.9 }
			temperature={ 5.000 8.000 }
			no_phenomenon=0.500000
			rain_light=0.318735
			rain_heavy=0.181265
			snow=0.000000
			blizzard=0.000000
			arctic_water=0.000
			mud=0.068126
			sandstorm=0.000000
			min_snow_level=0.000
		}
		period={
			between={ 0.10 29.10 }
			temperature={ 11.00 13.00 }
			no_phenomenon=0.500000
			rain_light=0.282098
			rain_heavy=0.217902
			snow=0.000000
			blizzard=0.000000
			arctic_water=0.000
			mud=0.071790
			sandstorm=0.000000
			min_snow_level=0.000
		}
		period={
			between={ 0.11 30.11 }
			temperature={ 16.00 18.00 }
			no_phenomenon=0.500000
			rain_light=0.245460
			rain_heavy=0.254540
			snow=0.000000
			blizzard=0.000000
			arctic_water=0.000
			mud=0.075454
			sandstorm=0.000000
			min_snow_level=0.000
		}
		
	}
}
