1 9 280 315 236 239 177 4 3 2 1 
1 23 280 512 576 725 779 860 1016 1148 1102 1022 1102 1250 1195 1345 1464 1400 1460 1541 1639 1764 1922 2038 2166 
1 9 1 2 3 4 177 239 236 315 280 
1 18 26 213 354 341 354 318 484 318 483 474 422 608 569 711 698 885 874 1026 
1 15 5779 5715 5578 5770 5788 5812 5848 5839 6150 6181 6229 6207 6381 6449 6373 
1 23 2166 2038 1922 1764 1639 1541 1460 1400 1464 1345 1195 1250 1102 1022 1102 1148 1016 860 779 725 576 512 280 
1 18 1026 874 885 698 711 569 608 422 474 483 318 484 318 354 341 354 213 26 
1 35 1026 1157 1026 1103 1212 1392 1486 1435 1542 1691 1760 1929 2025 2213 2300 2459 2706 2912 3147 3245 3012 2818 2696 2527 2316 2139 1998 2139 2316 2333 2493 2606 2696 2844 3022 
1 6 3657 3870 4020 4043 4054 3920 
1 35 3022 2844 2696 2606 2493 2333 2316 2139 1998 2139 2316 2493 2696 2818 3012 3245 3147 2912 2706 2459 2300 2213 2025 1929 1760 1691 1542 1435 1486 1392 1212 1103 1026 1157 1026 
1 3 3022 2930 3034 
1 3 3034 2930 3022 
1 57 3034 2888 2861 2780 2674 2502 2528 2486 2563 2590 2564 2551 2626 2607 2541 2452 2552 2707 2814 2892 2975 2814 2845 2720 2753 2626 2743 2551 2564 2590 2698 2752 2875 2981 3058 3044 3120 3065 3023 3034 2888 2861 2780 2674 2502 2528 2486 2563 2590 2564 2551 2626 2607 2541 2452 2408 2437 
1 12 3034 2930 3022 3298 3426 3531 3703 3856 3904 3961 3903 3920 
1 15 6373 6449 6381 6207 6229 6181 6150 5839 5848 5812 5788 5770 5578 5715 5779 
1 16 6373 6393 6297 6068 5937 5913 5678 5383 5586 5353 5095 5115 5164 4901 4835 4593 
1 16 4593 4835 4901 5164 5115 5095 5353 5586 5383 5678 5913 5937 6068 6297 6393 6373 
1 5 4593 4757 4758 4771 4584 
1 36 4593 4757 4758 4935 4945 4874 4795 4912 4957 4878 4803 4913 5069 5185 5290 5318 5186 5252 5340 5519 5611 5661 5800 5900 5963 5973 6086 6202 6340 6341 6424 6425 6495 6613 6560 6628 
1 22 6044 6011 5899 5798 5727 5596 5481 5539 5493 5519 5611 5482 5661 5799 5924 6045 6151 6184 6330 6201 6298 6450 
1 16 6044 6011 5899 5798 5727 5752 5761 5857 5706 5799 5880 5984 6046 6047 6079 6184 
1 30 6044 6011 5899 5798 5727 5596 5481 5318 5141 5011 4893 4677 4657 4678 4585 4427 4289 4336 4222 4058 4084 4134 4159 3997 4059 3928 3797 3832 3761 3713 
1 28 6044 6011 5899 5798 5727 5596 5481 5539 5493 5519 5611 5482 5661 5800 5900 5963 5973 6086 6057 6021 5956 6048 5914 5887 5888 5849 5780 5729 
1 17 6044 6011 5899 5687 5537 5518 5641 5826 5641 5431 5246 5140 5068 5031 4874 4717 4584 
1 26 6044 6011 5899 5798 5727 5752 5761 5857 5706 5799 5880 5984 6046 5900 5963 5973 6086 6202 6340 6341 6424 6425 6495 6613 6560 6628 
1 29 6044 6011 5899 5798 5727 5596 5481 5539 5493 5519 5611 5482 5661 5800 5900 5963 5973 6086 6057 6021 6193 6269 6231 6232 6248 6233 6331 6395 6348 
1 17 4584 4717 4874 5031 5068 5140 5246 5431 5641 5826 5641 5518 5537 5687 5899 6011 6044 
1 5 4584 4771 4758 4757 4593 
1 26 4584 4717 4874 4795 4912 4957 5140 5246 5376 5331 5354 5281 5332 5448 5596 5481 5539 5680 5519 5611 5661 5800 5900 6047 6079 6184 
1 8 4584 4573 4501 4500 4314 4204 4013 3920 
1 6 3920 4054 4043 4020 3870 3657 
1 12 3920 3903 3961 3904 3856 3703 3531 3426 3298 3022 2930 3034 
1 8 3920 4013 4204 4314 4500 4501 4573 4584 
1 3 17071 17170 17270 
1 2 16904 16812 
1 2 16976 17130 
1 2 16302 16321 
1 7 17040 17063 17039 17215 17360 17492 17356 
1 6 17040 16857 16920 16770 16668 16609 
1 5 11573 11726 11887 11917 12083 
1 9 11573 11540 11586 11502 11596 11539 11425 11446 11302 
1 2 11573 11614 
1 4 11573 11614 11573 11336 
1 2 17130 16976 
1 2 17130 17259 
1 5 17161 17253 17293 17170 17270 
1 3 15303 15550 15541 
1 7 12833 12815 12934 12973 12992 13041 13228 
1 2 17241 17100 
1 2 17212 17111 
1 5 17637 17651 17499 17491 17387 
1 5 17451 17251 17143 16958 16935 
1 6 17259 17435 17367 17437 17606 17680 
1 2 17259 17130 
1 5 17259 17435 17597 17486 17498 
1 5 17270 17170 17293 17253 17161 
1 3 17270 17170 17071 
1 5 17270 17429 17555 17708 17843 
1 7 13228 13041 12992 12973 12934 12815 12833 
1 4 13228 13351 13409 13533 
1 2 17100 17241 
1 4 17100 16957 16904 16812 
1 2 15579 15627 
1 4 15579 15488 15520 15659 
1 19 17306 17280 17148 17102 17069 17142 17306 17499 17651 17500 17450 17381 17250 17159 17001 17023 17024 16958 16935 
1 4 17306 17142 17013 16967 
1 2 15757 15549 
1 7 15177 15162 15037 14866 14779 14700 14585 
1 7 17454 17540 17585 17709 17681 17819 17996 
1 5 17498 17486 17597 17435 17259 
1 4 17498 17486 17597 17367 
1 7 17498 17486 17292 17130 17085 16976 16903 
1 2 17059 17139 
1 6 17777 17842 17707 17622 17492 17356 
1 2 15984 16060 
1 7 15984 16060 16116 15906 16053 16115 16318 
1 5 17843 17708 17555 17429 17270 
1 5 17843 17935 17912 18036 18051 
1 16 17843 17794 17912 17862 17925 17897 17870 17881 17996 17916 17969 18026 18037 18117 18166 18076 
1 4 18051 18101 18001 17996 
1 5 18051 18036 17912 17935 17843 
1 7 17996 17819 17681 17709 17585 17540 17454 
1 4 17996 18001 18101 18051 
1 5 17996 17916 17969 18026 18037 
1 30 10162 10098 10196 10208 10180 10035 10161 9976 9864 9798 9668 9616 9608 9450 9304 9204 9117 9124 9081 8976 8903 8845 8806 8721 8688 8600 8464 8348 8300 8284 
1 38 10162 10098 9982 9856 9740 9652 9631 9522 9426 9236 9314 9126 9011 8953 8915 8889 8736 8616 8558 8444 8306 8170 8038 8049 7932 7779 7704 7677 7517 7338 7179 7199 7068 6971 6821 6696 6570 6628 
1 23 10162 10098 9982 9856 9741 9553 9410 9252 9103 9075 8922 8831 8787 8595 8535 8424 8408 8250 8088 7939 7795 7634 7420 
1 20 10162 10010 10070 9865 9875 9898 9835 9654 9472 9427 9246 9076 9029 8896 8779 8617 8446 8276 8081 7927 
1 16 10162 10098 9982 9856 9897 9844 9652 9522 9426 9236 9314 9251 9235 9194 9010 8889 
1 17 10162 10098 10196 10208 10180 10035 9976 9864 9798 9668 9616 9496 9450 9304 9204 9275 9377 
1 4 10162 10010 9851 9767 
1 10 10162 10209 10346 10635 10757 10916 11074 11240 11467 11614 
1 2 16451 16409 
1 2 15847 15745 
1 9 15847 15848 15648 15794 15746 15902 15980 15870 15763 
1 3 15746 15763 15870 
1 24 13010 12866 12678 12570 12502 12412 12245 12084 12283 12397 12443 12570 12678 12824 12866 12947 12794 12683 12603 12485 12412 12245 12084 11933 
1 9 13010 12974 13184 13163 13327 13228 13351 13409 13533 
1 5 18037 18026 17969 17916 17996 
1 4 18037 18117 18166 18076 
1 5 11980 12024 12058 12144 12083 
1 4 11980 11973 12134 12187 
1 6 11980 12024 12175 12241 12240 12217 
1 2 11614 11573 
1 10 11614 11467 11240 11116 10946 10856 10635 10346 10209 10162 
1 25 11614 11573 11336 11198 11038 11027 10961 10834 10756 10801 10599 10531 10416 10207 9976 9864 9798 9668 9616 9496 9330 9235 9194 9010 8889 
1 27 11614 11573 11336 11198 11038 11027 10961 10834 10756 10801 10599 10531 10386 10477 10375 10059 10004 9864 9798 9668 9616 9496 9450 9304 9204 9275 9377 
1 7 11614 11654 11690 11912 11973 12134 12187 
1 3 11614 11573 11336 
1 7 16903 16976 17085 17130 17292 17486 17498 
1 6 16903 16941 16710 16723 16776 16919 
1 4 12187 12134 11973 11980 
1 7 12187 12134 11973 11912 11690 11654 11614 
1 6 12187 12312 12342 12493 12630 12784 
1 9 12187 12312 12342 12493 12492 12646 12717 12905 13093 
1 4 14228 14303 14313 14275 
1 10 14228 14303 14313 14468 14539 14532 14666 14732 14904 14738 
1 9 14228 14361 14350 14318 14446 14462 14335 14440 14372 
1 6 12784 12630 12493 12342 12312 12187 
1 5 16494 16469 16476 16468 16382 
1 3 15870 15763 15746 
1 2 15870 15763 
1 7 14585 14700 14779 14866 15037 15162 15177 
1 5 14585 14508 14387 14360 14372 
1 9 17371 17232 17169 17113 16979 16817 16674 16510 16382 
1 9 13093 12905 12717 12646 12492 12493 12342 12312 12187 
1 4 13533 13409 13351 13228 
1 9 13533 13409 13351 13228 13327 13163 13184 12974 13010 
1 7 13533 13642 13724 13854 13863 13979 14016 
1 9 16609 16796 16795 16930 16929 17075 17133 17181 17356 
1 6 16609 16668 16770 16920 16857 17040 
1 12 13631 13593 13546 13470 13609 13715 13640 13641 13766 13863 13979 14016 
1 10 14016 13996 14028 14085 14191 14192 14228 14303 14313 14275 
1 12 14016 13979 13863 13766 13641 13640 13715 13609 13470 13546 13593 13631 
1 7 14016 13979 13863 13854 13724 13642 13533 
1 6 14016 14162 14234 14173 14360 14372 
1 5 17387 17353 17318 17140 16943 
1 5 17387 17491 17499 17651 17637 
1 9 15805 15946 16036 16048 16142 16268 16303 16399 16487 
1 9 14372 14440 14335 14462 14446 14318 14350 14361 14228 
1 6 14372 14360 14173 14234 14162 14016 
1 5 14372 14360 14387 14508 14585 
1 14 14372 14552 14661 14781 14927 15072 15144 15240 15346 15398 15458 15496 15651 15652 
1 15 18076 18183 18038 18027 17937 17888 17917 17883 17871 17927 17904 17898 17778 17735 17700 
1 16 18076 18166 18117 18037 18026 17969 17916 17996 17881 17870 17897 17925 17862 17912 17794 17843 
1 4 18076 18166 18117 18037 
1 2 17139 16943 
1 2 17139 17059 
1 3 14913 14760 14519 
1 3 14913 14994 15048 
1 9 16937 16845 16675 16587 16573 16558 16534 16510 16382 
1 7 15712 15718 15808 15807 15737 15707 15652 
1 4 14842 15092 15149 15280 
1 4 15271 15372 15383 15451 
1 3 15541 15550 15303 
1 4 15541 15680 15757 15549 
1 3 15019 15168 15280 
1 3 15048 14994 14913 
1 6 15048 15116 15070 15219 15168 15280 
1 3 15490 15405 15451 
1 4 15491 15613 15727 15745 
1 4 15280 15149 15092 14842 
1 4 15280 15405 15526 15451 
1 6 15280 15168 15219 15070 15116 15048 
1 3 15280 15168 15019 
1 2 15549 15757 
1 4 15549 15757 15680 15541 
1 2 15549 15774 
1 4 15451 15568 15751 15745 
1 4 15451 15526 15405 15280 
1 3 15451 15405 15490 
1 4 15451 15383 15372 15271 
1 7 16382 16472 16509 16579 16653 16756 16884 
1 9 16382 16510 16674 16817 16979 17113 17169 17232 17371 
1 5 16382 16468 16476 16469 16494 
1 9 16382 16510 16534 16558 16573 16587 16675 16845 16937 
1 4 15659 15520 15488 15579 
1 2 15659 15774 
1 9 15763 15870 15980 15902 15746 15794 15648 15848 15847 
1 2 15763 15870 
1 3 16812 16651 16577 
1 2 16812 16904 
1 4 16812 16904 16957 17100 
1 3 16812 16790 16919 
1 2 15745 15847 
1 4 15745 15751 15568 15451 
1 4 15745 15727 15613 15491 
1 5 15745 15751 15890 15984 16060 
1 14 15652 15651 15496 15458 15398 15346 15240 15103 15072 14927 14781 14661 14552 14372 
1 7 15652 15707 15737 15807 15808 15718 15712 
1 6 16487 16625 16730 16806 16898 17111 
1 9 16487 16399 16303 16268 16142 16048 16036 15946 15805 
1 2 15774 15659 
1 9 15774 15757 15680 15541 15489 15660 15785 15863 16060 
1 2 15774 15549 
1 14 15880 15888 15879 15919 16081 16141 16264 16335 16398 16624 16633 16711 16816 16935 
1 5 15880 15835 15850 15723 15608 
1 6 16421 16596 16646 16711 16816 16935 
1 4 16060 16109 16246 16409 
1 2 16060 15984 
1 5 16060 15984 15890 15751 15745 
1 9 16060 15863 15785 15660 15489 15541 15680 15757 15774 
1 5 16919 16776 16747 16563 16475 
1 6 16919 16776 16723 16710 16941 16903 
1 3 16919 16790 16812 
1 3 16321 16426 16475 
1 2 16321 16302 
1 7 16318 16293 16417 16425 16317 16194 16180 
1 7 16318 16115 16053 15906 16116 16060 15984 
1 3 16967 16912 16879 
1 4 16967 17013 17142 17306 
1 4 16409 16420 16334 16475 
1 2 16409 16451 
1 4 16409 16246 16109 16060 
1 9 16884 16742 16794 16750 16835 16977 16905 16898 17111 
1 7 16884 16756 16653 16579 16509 16472 16382 
1 3 16540 16729 16641 
1 3 16641 16666 16577 
1 3 16641 16729 16540 
1 9 16879 17013 17142 17188 17267 17141 17140 17119 16943 
1 3 16879 16912 16967 
1 4 16475 16334 16420 16409 
1 11 16475 16426 16352 16280 16223 16209 16322 16453 16525 16666 16577 
1 3 16475 16334 16321 
1 5 16475 16563 16747 16776 16919 
1 9 17111 16898 16905 16977 16835 16750 16794 16742 16884 
1 7 17111 17132 17196 17131 17060 17074 16935 
1 2 17111 17212 
1 6 17111 16898 16806 16730 16625 16487 
1 8 16577 16833 16966 17009 16973 17059 17139 16943 
1 3 16577 16666 16641 
1 11 16577 16666 16525 16453 16322 16209 16223 16280 16352 16426 16475 
1 3 16577 16651 16812 
1 9 16943 17119 17140 17141 17267 17188 17142 17013 16879 
1 8 16943 17139 17059 16973 17009 16966 16833 16577 
1 2 16943 17139 
1 5 16943 17140 17318 17353 17387 
1 7 17356 17492 17360 17215 17039 17063 17040 
1 6 17356 17492 17622 17707 17842 17777 
1 9 17356 17181 17133 17075 16929 16930 16795 16796 16609 
1 7 16935 17074 17060 17131 17196 17132 17111 
1 5 16935 16958 17143 17251 17451 
1 19 16935 16958 17024 17023 17001 17159 17250 17381 17450 17500 17651 17499 17306 17142 17069 17102 17148 17280 17306 
1 14 16935 16816 16711 16633 16624 16398 16335 16264 16141 16081 15919 15879 15888 15880 
1 6 16935 16816 16711 16646 16596 16421 
1 47 15972 16197 16139 16386 16549 16603 16642 16877 16925 16877 16893 17116 17384 17323 17520 17683 17814 17998 18208 18393 18234 18527 18552 18730 18847 18897 18839 18798 18898 18840 18825 18826 18981 19002 18966 19116 19233 19290 19298 19305 19434 19548 19553 19654 19844 19767 19754 
1 9 15972 16197 16139 16058 16167 16408 16385 16612 16522 
1 9 6504 6416 6306 6098 6043 6137 6388 6631 6755 
1 9 10382 10493 10675 10639 10697 10794 11053 11204 11175 
1 47 19754 19767 19844 19654 19553 19548 19434 19305 19298 19290 19233 19116 18966 19002 18981 18826 18825 18840 18898 18798 18839 18897 18847 18730 18552 18527 18234 18393 18208 17998 17814 17683 17520 17323 17384 17116 16893 16877 16925 16877 16642 16603 16549 16386 16139 16197 15972 
1 17 19754 19767 19654 19553 19548 19434 19305 19298 19290 19233 19116 18966 19002 18981 18826 18935 19016 
1 12 3480 3673 3844 3827 4083 4230 4512 4786 5008 4769 5079 5279 
1 12 5279 5079 4769 5008 4786 4512 4230 4083 3827 3844 3673 3480 
1 7 5279 5622 5382 5657 5669 5723 5832 
1 13 5832 5584 5632 5480 5456 5648 5631 5522 5447 5402 5559 5455 5289 
1 7 5832 5723 5669 5657 5382 5622 5279 
1 17 19016 18935 18826 18981 19002 18966 19116 19233 19290 19298 19305 19434 19548 19553 19654 19767 19754 
1 29 19016 18825 18840 18898 18798 18839 18897 18847 18873 18881 18752 18833 19036 18949 19121 19078 19265 19078 19194 19249 19264 19340 19202 19281 19297 19280 19348 19384 19506 
1 16 17211 17007 16682 16550 16388 16108 16014 15819 15573 15525 15325 15098 15147 15115 15176 15055 
1 16 15055 15176 15115 15147 15098 15325 15525 15573 15819 16014 16108 16388 16550 16682 17007 17211 
1 6 15055 14921 14764 14609 14518 14219 
1 7 8952 9192 9409 9651 9975 10294 10548 
1 9 6755 6631 6388 6137 6043 6098 6306 6416 6504 
1 29 19506 19384 19348 19280 19297 19281 19202 19340 19264 19249 19194 19078 19265 19078 19121 18949 19036 18833 18752 18881 18873 18847 18897 18839 18798 18898 18840 18825 19016 
1 20 19506 19384 19311 19211 19185 19005 18987 19031 18863 18879 18914 18845 18748 18890 18887 18869 18796 18779 18694 18722 
1 33 19506 19348 19253 19179 19006 18814 18716 18526 18357 18315 18380 18457 18438 18534 18541 18659 18813 18716 18853 18970 19053 19191 19311 19384 19311 19191 19053 18940 18813 18659 18541 18315 18151 
1 17 19506 19400 19376 19505 19454 19478 19587 19614 19562 19714 19644 19698 19751 19728 19742 19785 19758 
1 15 19506 19384 19348 19253 19280 19161 19105 19054 19114 19095 18994 18815 18662 18723 18573 
1 9 11175 11204 11053 10794 10697 10639 10675 10493 10382 
1 23 11175 10794 11053 10986 10972 10959 11098 11261 11108 11274 11147 11237 11250 11509 11520 11652 11519 11634 11435 11538 11584 11713 11583 
1 4 13356 13497 13684 14024 
1 4 14024 13684 13497 13356 
1 6 14219 14518 14609 14764 14921 15055 
1 7 10548 10294 9975 9651 9409 9192 8952 
1 23 11583 11713 11584 11538 11435 11634 11519 11652 11520 11509 11250 11237 11147 11274 11108 11261 11098 10959 10972 10986 11053 10794 11175 
1 16 11583 11665 11537 11358 11203 11091 10945 10934 10845 10844 10767 10620 10412 10538 10341 10150 
1 23 11583 11665 11537 11571 11601 11688 11640 11494 11407 11415 11422 11459 11318 11458 11414 11273 11202 11290 11289 11297 11306 11280 11201 
1 21 11583 11819 11937 11996 12195 12047 12098 12251 12392 12511 12651 12803 12909 12918 13056 13199 13217 13299 13364 13504 13568 
1 35 11583 11861 11938 12082 12238 12466 12687 12841 13098 13310 13458 13645 13654 13779 13983 14164 14223 14177 14152 14339 14576 14774 14806 15054 15247 15360 15539 15742 15602 15710 15899 16114 16266 16316 16522 
1 9 16522 16612 16385 16408 16167 16058 16139 16197 15972 
1 28 16522 16760 16865 16640 16842 16647 16738 16999 16864 16829 16892 16924 17029 17028 17115 17272 17414 17504 17490 17542 17582 17750 17836 17918 18017 18059 18039 18151 
1 35 16522 16316 16266 16114 15899 15710 15602 15742 15539 15360 15247 15080 14806 14774 14576 14339 14152 14177 14223 14164 13983 13779 13654 13645 13458 13310 13098 12841 12687 12466 12238 12082 11938 11861 11583 
1 19 16522 16760 17045 16850 17158 17238 17402 17422 17366 17602 17528 17650 17889 18104 18004 18233 18439 18563 18573 
1 12 18573 18563 18520 18587 18445 18514 18430 18350 18386 18303 18205 18151 
1 15 18573 18723 18662 18815 18994 19095 19114 19054 19105 19161 19280 19253 19348 19384 19506 
1 19 18573 18563 18439 18233 18004 18104 17889 17650 17528 17602 17366 17422 17402 17238 17158 16850 17045 16760 16522 
1 10 7485 7418 7323 7177 7085 6953 6829 6683 6543 6445 
1 31 6129 5959 6107 6072 6188 6156 6252 6283 6313 6290 6273 6385 6437 6289 6127 6140 6015 5977 6090 6064 6105 5976 6080 5967 5939 5987 5966 6053 6103 6003 5905 
1 22 6129 6093 5954 5906 6005 5996 5979 6131 6198 6141 6109 6285 6422 6351 6411 6300 6236 6439 6315 6391 6406 6445 
1 64 11933 11950 11962 11949 11782 11630 11710 11738 11693 11662 11525 11544 11489 11464 11340 11211 11136 11287 11119 11101 10978 10964 10820 10744 10628 10482 10445 10400 10461 10481 10452 10388 10470 10377 10318 10189 10336 10133 10143 9910 9783 9909 9830 9852 9723 9545 9591 9544 9466 9506 9378 9224 9188 9106 9105 8931 8812 8644 8352 8314 8050 8072 8081 7927 
1 19 11933 11950 11962 12034 12106 12233 12276 12417 12462 12524 12411 12431 12560 12655 12745 12807 12831 12885 12998 
1 24 11933 12084 12191 12362 12463 12570 12678 12794 12947 12866 12824 12678 12570 12443 12397 12283 12084 12191 12362 12463 12570 12678 12866 13010 
1 10 11933 11950 11962 11949 12033 12006 11944 11812 11748 11662 
1 10 6445 6543 6683 6829 6953 7085 7177 7323 7418 7485 
1 22 6445 6406 6391 6315 6439 6236 6300 6411 6351 6422 6285 6109 6141 6198 6131 5979 5996 6005 5906 5954 6093 6129 
1 15 6445 6377 6464 6360 6432 6336 6370 6412 6446 6352 6500 6482 6433 6538 6684 
1 8 3314 3348 3119 2972 2786 2728 2635 2516 
1 50 3314 3348 3338 3278 3323 3202 3093 2983 2836 2645 2501 2375 2298 2164 2048 1945 1847 1709 1569 1455 1338 1226 1238 1226 1337 1385 1501 1598 1631 1709 1847 1945 2048 2145 2272 2298 2359 2467 2501 2515 2580 2638 2561 2634 2728 2873 3028 3119 3203 1173 
1 19 3314 3348 3442 3587 3700 3843 4052 4065 4003 3957 4120 4293 4422 4571 4674 4838 4990 5105 5289 
1 33 3314 3348 3119 3028 2873 2909 2810 2772 2633 2515 2501 2375 2298 2164 2251 2115 2164 2145 2105 2086 1949 1914 1966 1913 2034 1921 1872 1810 1787 1782 1672 1577 1404 
1 9 3314 3348 3119 2972 2786 2728 2742 2634 2516 
1 5 3314 3203 3119 2972 2786 
1 19 5289 5105 4990 4838 4674 4571 4422 4293 4120 3957 4003 4065 4052 3843 3700 3587 3442 3348 3314 
1 16 5289 5105 4956 4753 4650 4456 4298 4101 3937 3842 3682 3529 3478 3400 3201 3108 
1 26 5289 5455 5272 5395 5257 5416 5515 5502 5685 5863 5810 5934 5970 5919 5969 5992 6008 6030 6096 6217 6276 6440 6531 6585 6620 6684 
1 13 5289 5417 5559 5402 5447 5522 5631 5648 5456 5480 5632 5584 5832 
1 8 6773 6702 6555 6435 6333 6174 6102 5905 
1 29 6773 6909 7022 7075 7176 7160 7105 7125 7104 7055 7159 7252 7317 7290 7347 7472 7488 7538 7635 7628 7720 7653 7687 7696 7627 7556 7510 7532 7303 
1 29 6773 6963 7096 7223 7421 7589 7721 7835 8005 8174 8342 8507 8685 8726 8843 9001 9097 9229 9387 9444 9586 9709 9824 9815 9934 10102 10312 10433 10560 
1 10 8584 8441 8542 8598 8387 8463 8462 8366 8365 8356 
1 15 6684 6538 6433 6482 6500 6352 6446 6412 6370 6336 6432 6360 6464 6377 6445 
1 26 6684 6620 6585 6531 6440 6276 6217 6096 6030 6008 5992 5969 5919 5970 5934 5810 5863 5685 5502 5515 5416 5257 5395 5272 5455 5289 
1 17 6684 6778 6920 7038 7173 7307 7399 7526 7604 7642 7794 7849 8003 8104 8059 8178 8356 
1 9 11355 11278 11165 11043 11018 10928 10778 10714 10560 
1 28 17898 17748 17927 18077 18192 18300 18348 18488 18646 18738 18646 18560 18488 18550 18551 18509 18450 18360 18246 18093 18002 18052 18077 18192 18300 18348 18550 18722 
1 21 17898 18002 18093 18246 18360 18450 18509 18551 18694 18779 18694 18722 18872 19029 19157 19289 19351 19426 19517 19643 19758 
1 4 17898 17884 17864 17700 
1 9 10560 10714 10778 10928 11018 11043 11165 11278 11355 
1 29 10560 10433 10312 10102 9934 9815 9824 9709 9586 9444 9387 9229 9097 9001 8843 8726 8685 8507 8342 8174 8005 7835 7721 7589 7421 7223 7096 6963 6773 
1 16 10560 10574 10499 10658 10745 10940 11030 11087 11247 11432 11579 11650 11721 11847 11906 11872 
1 17 8356 8178 8059 8104 8003 7849 7794 7642 7604 7526 7399 7307 7173 7038 6920 6778 6684 
1 10 8356 8365 8366 8462 8463 8387 8598 8542 8441 8584 
1 24 8356 8293 8423 8414 8531 8693 8642 8734 8886 8885 8963 9051 9094 9233 9349 9438 9551 9672 9692 9817 9936 10032 10049 10150 
1 4 17700 17864 17884 17898 
1 15 17700 17735 17778 17898 17904 17927 17871 17883 17917 17888 17937 18027 18038 18183 18076 
1 12 17700 17701 17593 17641 17519 17562 17493 17294 17172 17218 17153 17012 
1 7 9501 9382 9283 9325 9169 9078 8913 
1 3 9098 9091 8913 
1 4 14275 14313 14303 14228 
1 10 14275 14313 14303 14228 14192 14191 14085 14028 13996 14016 
1 8 14275 14313 14468 14539 14674 14783 14732 14738 
1 5 10568 10660 10694 10824 10895 
1 3 8913 9091 9098 
1 7 8913 9078 9169 9325 9283 9382 9501 
1 14 8913 9078 9169 9325 9446 9382 9501 9603 9726 9891 9958 10125 10199 10323 
1 19 15924 16018 16055 16212 16406 16505 16691 16841 17018 17044 17246 17338 17458 17601 17749 17900 18059 18039 18151 
1 13 15924 15768 15740 15671 15672 15546 15463 15382 15224 15112 15010 14869 14820 
1 16 11872 11906 11847 11721 11650 11579 11432 11247 11087 11030 10940 10745 10658 10499 10574 10560 
1 11 11872 11697 11620 11532 11405 11248 11279 11156 11095 10941 10895 
1 24 10150 10049 10032 9936 9817 9692 9672 9551 9438 9349 9233 9094 9051 8963 8885 8886 8734 8642 8693 8531 8414 8423 8293 8356 
1 12 10150 10340 10232 10339 10314 10231 10349 10200 10334 10435 10357 10323 
1 16 10150 10341 10538 10412 10620 10767 10844 10845 10934 10945 11091 11203 11358 11537 11665 11583 
1 14 10323 10286 10125 9958 9891 9726 9603 9501 9382 9446 9325 9169 9078 8913 
1 12 10323 10357 10435 10334 10200 10349 10231 10314 10339 10232 10340 10150 
1 9 10323 10490 10526 10696 10773 10799 10909 11032 11201 
1 5 10895 10824 10694 10660 10568 
1 11 10895 10941 11095 11156 11279 11248 11405 11532 11620 11697 11872 
1 15 10895 10824 10883 10867 10903 11025 11089 11235 11195 11196 11258 11259 11167 11032 11201 
1 9 11201 11032 10909 10799 10773 10696 10526 10490 10323 
1 23 11201 11280 11306 11297 11289 11290 11202 11273 11414 11458 11318 11459 11422 11415 11407 11494 11640 11688 11601 11571 11537 11665 11583 
1 15 11201 11032 11167 11259 11258 11196 11195 11235 11089 11025 10903 10867 10883 10824 10895 
1 19 11201 11280 11443 11582 11664 11775 11801 11955 12057 12202 12272 12359 12406 12504 12549 12664 12802 12917 13047 
1 10 11662 11748 11812 11944 12006 12033 11949 11962 11950 11933 
1 64 11662 11648 11599 11489 11464 11340 11211 11102 10938 10813 10821 10887 10812 10722 10637 10744 10628 10482 10329 10237 10062 10036 9920 9784 9685 9643 9513 9524 9617 9400 9368 9288 9399 9288 9139 9206 9277 9307 9088 9341 9353 9224 9188 9087 9030 9105 8931 8812 8644 8352 8314 8276 8081 8099 7961 8089 7864 7665 7678 7528 7499 7468 7432 7420 
1 55 11662 11648 11599 11489 11464 11340 11211 11136 11287 11119 11101 10978 10964 10820 10744 10628 10482 10445 10400 10461 10481 10452 10388 10470 10377 10318 10189 10336 10133 10143 9910 9783 9909 9830 9852 9723 9545 9591 9544 9466 9506 9378 9224 9188 9106 9105 8931 8812 8644 8352 8314 8050 8072 8081 7927 
1 71 11662 11648 11599 11489 11464 11516 11488 11430 11287 11119 11101 11127 11118 11015 10901 10839 10937 10871 10870 10854 10735 10721 10648 10679 10720 10742 10678 10703 10581 10450 10352 10236 10281 10309 10420 10460 10449 10398 10438 10409 10478 10376 10280 10308 10279 10253 10316 10290 10297 10174 10084 10107 9950 9857 9702 9561 9472 9411 9392 9435 9451 9410 9252 9102 9046 8871 8837 8861 8953 8915 8889 
1 15 11662 11748 11923 11811 11993 11871 12063 12127 12114 12244 12384 12522 12632 12671 12814 
1 17 11662 11748 11811 11993 12064 12200 12294 12431 12484 12473 12536 12707 12745 12886 12984 13076 12998 
1 19 11662 11748 11811 11993 12064 12200 12294 12431 12484 12473 12536 12707 12639 12831 12885 12998 13196 13308 13447 
1 33 11662 11693 11812 11944 12006 12128 12233 12349 12516 12569 12525 12603 12502 12570 12710 12788 12899 13085 13151 13263 13286 13380 13573 13737 13904 14046 14077 14229 14373 14515 14666 14732 14738 
1 21 13568 13504 13364 13299 13217 13199 13056 12918 12909 12803 12651 12511 12392 12251 12098 12047 12195 11996 11937 11819 11583 
1 10 13568 13582 13567 13435 13257 13337 13198 13146 13055 13047 
1 19 13047 12917 12802 12664 12549 12504 12406 12359 12272 12202 12057 11955 11801 11775 11664 11582 11443 11280 11201 
1 10 13047 13055 13146 13198 13337 13257 13435 13567 13582 13568 
1 17 13047 13046 12957 12929 12916 12879 12937 13088 13168 13209 13309 13434 13581 13702 13729 13783 13858 
1 8 15117 14967 15041 15026 14973 15010 14869 14820 
1 43 14738 14904 15002 15001 15128 15179 15310 15482 15631 15692 15713 15788 15936 15881 15898 16005 16143 16241 16163 16277 16276 16134 16354 16483 16608 16626 16635 16675 16845 16915 16949 16906 16979 17113 17232 17371 17521 17570 17653 17861 17851 17803 17831 
1 8 14738 14732 14783 14674 14539 14468 14313 14275 
1 10 14738 14904 14732 14666 14532 14539 14468 14313 14303 14228 
1 33 14738 14732 14666 14515 14373 14229 14077 14046 13904 13737 13573 13380 13286 13263 13151 13085 12899 12788 12710 12570 12502 12603 12525 12569 12516 12349 12233 12128 12006 11944 11812 11693 11662 
1 27 14738 14922 14965 14941 15021 14896 15015 15124 15216 15374 15505 15461 15615 15790 15791 15795 15966 16006 16074 16188 16205 16128 16251 16383 16366 16513 16601 
1 27 16601 16513 16366 16383 16251 16128 16205 16188 16074 16006 15966 15795 15791 15790 15615 15461 15505 15374 15216 15124 15015 14896 15021 14941 14965 14922 14738 
1 12 16601 16538 16560 16515 16690 16581 16545 16700 16701 16808 16931 17012 
1 17 13858 13783 13729 13702 13581 13434 13309 13209 13168 13088 12937 12879 12916 12929 12916 13046 13047 
1 14 13858 13931 13987 14202 14240 14230 14280 14389 14294 14384 14449 14634 14744 14820 
1 26 13858 13930 14073 14247 14404 14444 14605 14765 14905 15032 15073 15244 15347 15523 15633 15799 15969 16045 16189 16328 16495 16592 16701 16808 16931 17012 
1 13 14820 14869 15010 15112 15224 15382 15463 15546 15672 15671 15740 15858 15924 
1 8 14820 14869 15010 14973 15026 15041 14967 15117 
1 14 14820 14744 14634 14449 14384 14294 14389 14280 14230 14240 14202 13987 13931 13858 
1 20 14820 14804 14990 15156 15110 15262 15389 15524 15594 15709 15702 15801 15914 15992 16077 16190 16308 16329 16414 16529 
1 17 16529 16618 16736 16847 17042 17192 17237 17421 17535 17693 17739 17822 17947 17939 18012 18039 18151 
1 20 16529 16414 16329 16308 16190 16077 15992 15914 15801 15702 15709 15594 15524 15389 15262 15110 15156 14990 14804 14820 
1 6 16529 16618 16704 16862 16923 17012 
1 32 17012 17078 17276 17421 17535 17717 17885 17947 18012 18151 18039 18012 18078 18068 18011 17961 17891 17835 17845 17703 17611 17494 17363 17286 17276 17421 17535 17717 17885 17947 18012 18151 
1 12 17012 17153 17218 17172 17294 17493 17562 17519 17641 17593 17701 17700 
1 12 17012 16931 16808 16701 16700 16545 16581 16690 16515 16560 16538 16601 
1 26 17012 16931 16808 16701 16592 16495 16328 16189 16045 15969 15799 15633 15523 15347 15244 15073 15032 14905 14765 14605 14444 14404 14247 14073 13930 13858 
1 6 17012 16923 16862 16704 16618 16529 
1 30 3713 3761 3832 3797 3928 4059 3997 4159 4134 4084 4058 4222 4336 4289 4427 4585 4678 4657 4677 4893 5011 5141 5318 5481 5596 5727 5798 5899 6011 6044 
1 36 3713 3731 3998 4161 4315 4461 4671 4896 5226 5342 5598 5802 6070 6318 6514 6669 6845 6972 7144 7363 7540 7608 7779 7975 8108 8258 8443 8600 8710 8876 9053 9221 9416 9573 9739 9927 
1 17 3713 3446 3502 3694 3823 4022 3823 3694 3822 3721 3731 3446 3502 3694 3823 3971 4219 
1 11 3713 3513 3418 3237 3151 3055 3000 2877 2721 2620 2437 
1 57 2437 2408 2452 2541 2607 2626 2551 2564 2590 2563 2486 2528 2502 2674 2780 2861 2888 3034 3023 3065 3120 3044 3058 2981 2875 2752 2698 2590 2564 2551 2743 2626 2753 2720 2845 2814 2975 2892 2814 2707 2552 2452 2541 2607 2626 2551 2564 2590 2563 2486 2528 2502 2674 2780 2861 2888 3034 
1 11 2437 2620 2721 2877 3000 3055 3151 3237 3418 3513 3713 
1 26 2437 2620 2721 2877 2984 3055 3080 3151 3237 3418 3590 3761 3888 4060 4234 4390 4603 4699 4797 4973 5127 5259 5421 5506 5613 5729 
1 14 8284 8080 7901 7740 7554 7426 7280 7151 6998 6820 6716 6613 6560 6628 
1 30 8284 8300 8348 8464 8600 8688 8721 8806 8845 8903 8976 9081 9124 9117 9204 9304 9450 9608 9616 9668 9798 9864 9976 10161 10035 10180 10208 10196 10098 10162 
1 16 8284 8300 8348 8464 8443 8518 8549 8711 8704 8775 8822 8877 8967 9117 9010 8889 
1 8 8284 8080 8048 7974 7815 7659 7516 7546 
1 17 8284 8300 8348 8532 8755 8710 8793 8860 8806 8845 8903 8976 9081 9165 9234 9275 9377 
1 26 8284 8300 8348 8464 8600 8688 8721 8806 8845 8903 8976 9150 9348 9488 9615 9667 9796 10003 10172 10221 10097 10059 10004 9864 9798 9797 
1 26 6628 6560 6613 6495 6425 6424 6341 6340 6202 6086 5973 5963 5900 6046 5984 5880 5799 5706 5857 5761 5752 5727 5798 5899 6011 6044 
1 9 6628 6560 6613 6495 6425 6424 6578 6611 6450 
1 14 6628 6560 6613 6716 6820 6998 7151 7280 7426 7554 7740 7901 8080 8284 
1 36 6628 6560 6613 6495 6425 6424 6341 6340 6202 6086 5973 5963 5900 5800 5661 5611 5519 5340 5252 5186 5318 5290 5185 5069 4913 4803 4878 4957 4912 4795 4874 4945 4935 4758 4757 4593 
1 11 6628 6560 6613 6495 6425 6424 6341 6340 6202 6201 6184 
1 11 6628 6560 6443 6363 6232 6248 6122 6049 6012 5929 5729 
1 38 6628 6570 6696 6821 6971 7068 7199 7179 7338 7517 7677 7704 7779 7932 8049 8038 8170 8306 8444 8558 8616 8736 8889 8915 8953 9011 9126 9314 9236 9426 9522 9631 9652 9740 9856 9982 10010 10162 
1 5 6628 6418 6331 6395 6348 
1 28 5729 5780 5849 5888 5887 5914 6048 5956 6021 6057 6086 5973 5963 5900 5800 5661 5482 5611 5519 5493 5539 5481 5596 5727 5798 5899 6011 6044 
1 11 5729 5929 6012 6049 6122 6248 6232 6363 6443 6560 6628 
1 26 5729 5613 5506 5421 5259 5127 4973 4797 4699 4603 4390 4234 4060 3888 3761 3590 3418 3237 3151 3080 3055 2984 2877 2721 2620 2437 
1 5 5729 5929 6012 6203 6348 
1 43 5729 5929 5974 6152 6087 6203 6270 6233 6248 6443 6560 6613 6716 6812 6959 6971 7068 7239 7330 7412 7564 7663 7842 7974 8048 8190 8152 8300 8348 8532 8755 8710 8793 8860 8806 8845 8903 8976 9081 9165 9234 9275 9377 
1 13 9377 9482 9667 9615 9683 9754 9873 9942 10024 10206 10315 10082 10263 
1 17 9377 9275 9234 9165 9081 8976 8903 8845 8806 8860 8793 8710 8755 8532 8348 8300 8284 
1 43 9377 9275 9234 9165 9081 8976 8903 8845 8806 8860 8793 8710 8755 8532 8348 8300 8152 8190 8048 7974 7842 7663 7564 7412 7330 7239 7068 6971 6959 6812 6716 6613 6560 6443 6248 6233 6270 6203 6087 6152 5974 5929 5729 
1 18 9377 9275 9204 9304 9235 9194 9055 8915 8744 8601 8445 8330 8192 8097 7976 7683 7578 7420 
1 23 9377 9275 9204 9304 9235 9101 9011 8995 9065 8871 8862 8831 8787 8595 8436 8505 8397 8331 8206 8089 7961 7772 7927 
1 17 9377 9275 9204 9304 9450 9496 9616 9668 9798 9864 9976 10035 10180 10208 10196 10098 10162 
1 6 9377 9275 9204 9117 9010 8889 
1 13 9377 9275 9204 9304 9235 9251 9314 9236 9426 9391 9258 9305 9252 
1 14 9377 9275 9204 9304 9450 9496 9616 9668 9798 9864 10004 10069 9976 10207 
1 6 9377 9482 9667 9766 9863 9874 
1 7 9377 9450 9608 9616 9668 9798 9797 
1 9 9377 9482 9667 9615 9683 9754 9874 9967 10024 
1 27 9377 9275 9204 9304 9450 9496 9616 9668 9798 9864 10004 10059 10375 10477 10386 10531 10599 10801 10756 10834 10961 11027 11038 11198 11336 11467 11614 
1 27 4219 4316 4377 4615 4627 4671 4896 5153 5208 5341 5409 5319 5421 5355 5563 5658 5544 5562 5626 5771 5956 6135 6021 6057 6202 6298 6450 
1 25 4219 4316 4301 4235 4376 4461 4550 4604 4780 4779 4973 4946 5013 5033 5090 5000 5237 5407 5597 5635 5814 5955 5973 6079 6184 
1 17 4219 4022 3823 3694 3502 3446 3731 3721 3822 3694 3823 4022 3823 3694 3502 3446 3713 
1 40 4219 4146 3833 3494 3299 3123 2914 2803 2683 2453 2401 2198 2320 2453 2622 2781 2931 2832 3037 3206 3403 3333 3123 3299 3611 3494 3514 3858 3971 4219 4146 3833 3494 3299 3123 2914 2803 2683 2453 2401 
1 23 4219 4316 4377 4615 4798 5038 5282 5472 5588 5829 6031 6172 6323 6549 6723 6901 6960 7152 7339 7208 7221 7385 7420 
1 20 4219 4316 4377 4615 4772 4671 4896 5153 5385 5579 5672 5579 5385 5494 5688 5902 5974 6152 6277 6348 
1 27 7041 7118 6979 6861 6813 6670 6408 6165 5850 6099 6123 6024 5698 5753 5791 5467 5276 5091 5211 4986 4742 4652 4478 4616 4691 4558 4182 
1 10 7041 7048 7129 7156 7343 7270 7340 7468 7432 7420 
1 23 7420 7385 7221 7208 7339 7152 6960 6901 6723 6549 6323 6172 6031 5829 5588 5472 5282 5038 4798 4615 4377 4316 4219 
1 10 7420 7432 7468 7340 7270 7343 7156 7129 7048 7041 
1 23 7420 7634 7795 7939 8088 8250 8408 8424 8535 8595 8787 8831 8922 9075 9103 9252 9410 9553 9741 9856 9982 10010 10162 
1 12 7420 7578 7683 7976 8097 8192 8330 8445 8601 8744 8915 8889 
1 16 7420 7634 7795 7939 8088 8250 8408 8424 8535 8595 8787 8831 8968 9075 9102 9252 
1 15 7420 7578 7385 7208 7339 7403 7547 7571 7719 7748 7608 7596 7494 7517 7546 
1 18 7420 7578 7683 7976 8097 8192 8330 8445 8601 8744 8915 9055 9194 9235 9304 9204 9275 9377 
1 64 7420 7432 7468 7499 7528 7678 7665 7864 8089 7961 8099 8081 8276 8314 8352 8644 8812 8931 9105 9030 9087 9188 9224 9353 9341 9088 9307 9277 9206 9139 9288 9399 9288 9368 9400 9617 9524 9513 9643 9685 9784 9920 10036 10062 10237 10329 10482 10628 10744 10637 10722 10812 10887 10821 10813 10938 11102 11211 11340 11464 11489 11599 11648 11662 
1 59 7927 7902 7732 7894 7781 7695 7888 8124 7988 7907 8100 8235 8171 8183 8322 8172 8134 8166 7954 7940 7834 7896 7880 7844 7818 7796 7773 7556 7627 7520 7410 7619 7579 7548 7538 7557 7488 7427 7347 7290 7317 7252 7120 7035 6994 6932 6824 6841 6825 6733 6580 6651 6563 6480 6398 6333 6174 6025 5905 
1 64 7927 8081 8072 8050 8314 8352 8644 8812 8931 9105 9106 9188 9224 9378 9506 9466 9544 9591 9545 9723 9852 9830 9909 9783 9910 10143 10133 10336 10189 10318 10377 10470 10388 10452 10481 10461 10400 10445 10482 10628 10744 10820 10964 10978 11101 11119 11287 11136 11211 11340 11464 11489 11544 11525 11662 11693 11738 11710 11630 11782 11949 11962 11950 11933 
1 21 7927 7902 7732 7894 7618 7565 7555 7695 7726 7733 7652 7529 7459 7648 7610 7530 7597 7519 7264 7315 7303 
1 19 7927 7902 8050 8352 8661 8878 9018 8878 8661 8493 8314 8050 8072 8050 8352 8528 8813 8931 9105 
1 20 7927 8081 8276 8446 8617 8779 8896 9029 9076 9246 9427 9472 9654 9835 9898 9875 9865 10070 10010 10162 
1 17 7927 7772 7961 8089 7977 8123 8214 8275 8301 8274 8408 8499 8445 8601 8744 8915 8889 
1 23 7927 7772 7961 8089 8206 8331 8397 8505 8436 8595 8787 8831 8862 8871 9065 8995 9011 9101 9235 9304 9204 9275 9377 
1 55 7927 8081 8072 8050 8314 8352 8644 8812 8931 9105 9106 9188 9224 9378 9506 9466 9544 9591 9545 9723 9852 9830 9909 9783 9910 10143 10133 10336 10189 10318 10377 10470 10388 10452 10481 10461 10400 10445 10482 10628 10744 10820 10964 10978 11101 11119 11287 11136 11211 11340 11464 11489 11599 11648 11662 
1 16 8889 9010 9117 8967 8877 8822 8775 8704 8711 8549 8518 8443 8464 8348 8300 8284 
1 48 8889 8915 8953 8861 8837 8871 8862 8831 8922 8954 8838 8778 8768 8712 8757 8779 8722 8788 8661 8812 8813 9087 9188 9224 9129 9095 8910 8807 8799 8873 8683 8800 8568 8673 8382 8134 8166 8207 8286 8109 7995 7880 7844 7818 7686 7510 7293 7303 
1 12 8889 8915 8744 8601 8445 8330 8192 8097 7976 7683 7578 7420 
1 17 8889 8915 8744 8601 8445 8499 8408 8274 8301 8275 8214 8123 7977 8089 7961 7772 7927 
1 16 8889 9010 9194 9235 9251 9314 9236 9426 9522 9652 9844 9897 9856 9982 10098 10162 
1 9 8889 9055 9101 9011 8995 9065 9046 9102 9252 
1 15 8889 8736 8616 8558 8444 8350 8456 8395 8234 8160 8108 8015 7833 7725 7546 
1 12 8889 9010 9194 9235 9330 9496 9616 9668 9798 9864 9976 10207 
1 6 8889 9010 9117 9204 9275 9377 
1 11 8889 9055 9194 9235 9330 9496 9608 9616 9668 9798 9797 
1 25 8889 9010 9194 9235 9330 9496 9616 9668 9798 9864 9976 10207 10416 10531 10599 10801 10756 10834 10961 11027 11038 11198 11336 11467 11614 
1 71 8889 8915 8953 8861 8837 8871 9046 9102 9252 9410 9451 9435 9392 9411 9472 9561 9702 9857 9950 10107 10084 10174 10297 10290 10316 10253 10279 10308 10280 10376 10478 10409 10438 10398 10449 10460 10420 10309 10281 10236 10352 10450 10581 10703 10678 10742 10720 10679 10648 10721 10735 10854 10870 10871 10937 10839 10901 11015 11118 11127 11101 11119 11287 11430 11488 11516 11464 11489 11599 11648 11662 
1 5 12083 11917 11887 11726 11573 
1 3 12083 12144 12217 
1 5 12083 12144 12058 12024 11980 
1 8 12083 11917 11887 11726 11573 11614 11573 11336 
1 3 9927 10023 10263 
1 36 9927 9765 9582 9440 9257 9116 8966 8793 8688 8518 8349 8160 7975 7779 7608 7540 7363 7155 6972 6839 6701 6571 6356 6170 5949 5689 5441 5226 4896 4671 4461 4315 4161 3998 3731 3713 
1 6 9874 9863 9766 9667 9482 9377 
1 3 9874 9967 10024 
1 3 10263 10023 9927 
1 13 10263 10082 10315 10206 10024 9942 9873 9754 9683 9615 9667 9482 9377 
1 5 10263 10082 10315 10206 10024 
1 5 10024 10206 10315 10082 10263 
1 10 10024 9967 10241 10345 10495 10666 10826 10974 11188 11081 
1 3 10024 9967 9874 
1 9 10024 9967 9874 9754 9683 9615 9667 9482 9377 
1 8 11081 10974 11176 11150 11284 11177 11206 11302 
1 10 11081 11188 10974 10826 10666 10495 10345 10241 10160 10024 
1 8 11302 11206 11177 11284 11150 11176 10974 11081 
1 9 11302 11446 11425 11539 11596 11502 11586 11540 11573 
1 3 11302 11215 11059 
1 6 11302 11206 11160 11010 10763 10850 
1 8 11302 11446 11610 11689 11852 11762 11851 12023 
1 5 11302 11206 11160 11010 10763 
1 5 12666 12469 12323 12173 12023 
1 5 12023 12173 12323 12469 12666 
1 8 12023 11851 11762 11852 11689 11610 11446 11302 
1 10 12023 12173 12323 12396 12301 12366 12334 12335 12416 12217 
1 3 12217 12144 12083 
1 6 12217 12240 12241 12175 12024 11980 
1 10 12217 12416 12335 12334 12366 12301 12396 12323 12173 12023 
1 4 2515 2580 2561 2516 
1 83 3108 3074 3215 3399 3408 3477 3432 3578 3617 3768 3852 3745 3756 3790 3840 3972 4064 4090 4227 4302 4365 4454 4395 4568 4702 4767 4745 4714 4826 4943 4849 4961 4960 4928 4942 4941 4860 4998 5147 5177 5190 5133 5189 5132 5158 5087 5264 5254 5379 5359 5358 5426 5388 5413 5371 5285 5309 5357 5529 5552 5682 5731 5860 5988 6016 5916 5940 5925 5875 5817 5853 5803 5793 5700 5756 5746 5785 5773 5869 5772 5745 6003 5905 
1 126 3108 2968 2830 2713 2605 2485 2407 2314 2211 2192 2077 2032 1893 1782 1672 1520 1420 1444 1403 1399 1299 1319 1290 1255 1246 1273 1254 1259 1245 1181 1219 1253 1312 1357 1365 1477 1595 1533 1470 1548 1733 1665 1705 1715 1622 1651 1652 1708 1727 1799 1932 1944 2031 1970 2054 2023 2101 2090 2203 2112 2120 2084 2168 2208 2185 2209 2284 2358 2310 2374 2480 2484 2537 2632 2624 2613 2559 2598 2560 2712 2718 2865 2842 2928 3073 3114 3134 3074 3108 2968 2830 2713 2605 2485 2407 2314 2211 2192 2077 2032 1893 1782 1672 1520 1420 1260 1116 1108 997 1134 1112 1177 1107 991 1047 1025 980 974 946 1004 1059 1162 1236 1318 1416 1567 
1 16 3108 3201 3400 3478 3529 3682 3842 3937 4101 4298 4456 4650 4753 4956 5105 5289 
1 19 3108 2968 2830 2727 2625 2538 2434 2314 2205 2034 2093 2033 1928 1810 1763 1658 1521 1577 1404 
1 9 3108 3057 3005 2836 2887 2810 2742 2634 2516 
1 39 2516 2561 2638 2633 2645 2501 2451 2375 2298 2164 2251 2115 2146 2050 1883 1878 1743 1615 1514 1498 1405 1328 1232 1145 1021 913 791 848 719 618 619 453 447 494 362 251 306 251 158 
1 8 2516 2635 2728 2786 2972 3119 3348 3314 
1 55 2516 2561 2580 2515 2451 2375 2298 2164 2048 1945 1847 1709 1569 1455 1338 1226 1238 1226 1337 1385 1501 1598 1631 1709 1847 1945 2048 2145 2272 2298 2359 2467 2501 2515 2580 2638 2561 2516 2561 2580 2515 2451 2375 2298 2164 2048 1945 1847 1742 1667 1598 1501 1385 1313 1173 
1 4 2516 2635 2728 2786 
1 4 2516 2561 2580 2515 
1 9 2516 2634 2742 2728 2786 2972 3119 3348 3314 
1 23 2516 2561 2638 2580 2515 2501 2467 2359 2298 2272 2145 2048 1945 1847 1709 1631 1598 1501 1385 1337 1226 1238 1173 
1 9 2516 2634 2742 2810 2887 2836 3005 3057 3108 
1 5 2516 2634 2742 2728 2786 
1 2 2728 2786 
1 2 2786 2728 
1 4 2786 2728 2635 2516 
1 5 2786 2972 3119 3203 3314 
1 5 2786 2728 2742 2634 2516 
1 22 6450 6298 6201 6330 6184 6151 6045 5924 5799 5661 5482 5611 5519 5493 5539 5481 5596 5727 5798 5899 6011 6044 
1 3 6450 6201 6184 
1 27 6450 6298 6202 6057 6021 6135 5956 5771 5626 5562 5544 5658 5563 5355 5421 5319 5409 5341 5208 5153 4896 4671 4627 4615 4377 4316 4219 
1 9 6450 6611 6578 6424 6425 6495 6613 6560 6628 
1 16 6184 6079 6047 6046 5984 5880 5799 5706 5857 5761 5752 5727 5798 5899 6011 6044 
1 3 6184 6201 6450 
1 25 6184 6079 5973 5955 5814 5635 5597 5407 5237 5000 5090 5033 5013 4946 4973 4779 4780 4604 4550 4461 4376 4235 4301 4316 4219 
1 26 6184 6079 6047 5900 5800 5661 5611 5519 5680 5539 5481 5596 5448 5332 5281 5354 5331 5376 5246 5140 4957 4912 4795 4874 4717 4584 
1 11 6184 6201 6202 6340 6341 6424 6425 6495 6613 6560 6628 
1 29 6348 6395 6331 6233 6248 6232 6231 6269 6193 6021 6057 6086 5973 5963 5900 5800 5661 5482 5611 5519 5493 5539 5481 5596 5727 5798 5899 6011 6044 
1 20 6348 6277 6152 5974 5902 5688 5494 5385 5579 5672 5579 5385 5153 4896 4671 4772 4615 4377 4316 4219 
1 5 6348 6203 6012 5929 5729 
1 5 6348 6395 6331 6418 6628 
1 12 6348 6465 6623 6743 6853 6929 7020 7139 7299 7338 7517 7546 
1 8 7546 7516 7659 7815 7974 8048 8080 8284 
1 15 7546 7517 7494 7596 7608 7748 7719 7571 7547 7403 7339 7208 7385 7578 7420 
1 12 7546 7517 7338 7299 7139 7020 6929 6853 6743 6623 6465 6348 
1 15 7546 7725 7833 8015 8108 8160 8234 8395 8456 8350 8444 8558 8616 8736 8889 
1 2 14519 14460 
1 3 14519 14760 14913 
1 4 10477 10386 10416 10207 
1 2 13190 13388 
1 8 14211 14286 14437 14632 14752 14751 14854 14945 
1 2 11027 10819 
1 3 11059 11215 11302 
1 3 11059 11010 10763 
1 10 14129 14265 14101 14220 14317 14460 14519 14663 14725 14822 
1 4 14129 14265 14345 14460 
1 6 9506 9378 9224 9188 9106 9105 
1 12 12763 12785 12647 12772 12605 12450 12288 12360 12227 12218 12059 11888 
1 8 14945 14854 14751 14752 14632 14437 14286 14211 
1 5 14945 14986 14979 15035 15057 
1 13 14945 14946 14987 15135 15239 15249 15334 15352 15384 15503 15608 15723 15608 
1 19 9105 8931 8812 8644 8352 8050 8072 8050 8314 8493 8661 8878 9018 8878 8661 8493 8314 8072 7927 
1 6 9105 9106 9188 9224 9378 9506 
1 13 9105 9018 9040 9174 9205 9181 9246 9276 9411 9392 9435 9653 9623 
1 16 9252 9102 9075 8968 8831 8787 8595 8535 8424 8408 8250 8088 7939 7795 7634 7420 
1 9 9252 9102 9046 9065 8995 9011 9101 9055 8889 
1 13 9252 9305 9258 9391 9426 9236 9314 9251 9235 9304 9204 9275 9377 
1 5 9252 9410 9451 9622 9623 
1 5 15057 15035 14979 14986 14945 
1 4 15057 15011 14826 14825 
1 13 9623 9653 9435 9392 9411 9276 9246 9181 9205 9174 9040 9018 9105 
1 5 9623 9622 9451 9410 9252 
1 2 9623 9767 
1 26 9797 9798 9864 10004 10059 10097 10221 10172 10003 9796 9667 9615 9488 9348 9150 8976 8903 8845 8806 8721 8688 8600 8464 8348 8300 8284 
1 11 9797 9798 9668 9616 9608 9496 9330 9235 9194 9055 8889 
1 4 9797 9864 9976 10207 
1 7 9797 9798 9668 9616 9608 9450 9377 
1 7 10052 10255 10398 10438 10592 10740 10838 
1 5 10609 10689 10752 10893 11046 
1 4 9767 9851 10010 10162 
1 10 9767 9851 10010 9907 9865 10070 10226 10210 10346 10209 
1 2 9767 9623 
1 4 16312 16170 16247 16397 
1 5 11075 11061 11012 10924 10838 
1 4 10207 10416 10386 10477 
1 12 10207 9976 9864 9798 9668 9616 9496 9330 9235 9194 9010 8889 
1 14 10207 9976 10069 10004 9864 9798 9668 9616 9496 9450 9304 9204 9275 9377 
1 4 10207 9976 9864 9797 
1 5 10207 10416 10531 10599 10801 
1 6 10208 10289 10408 10360 10429 10209 
1 6 10209 10429 10360 10408 10289 10208 
1 5 10209 10429 10624 10757 10819 
1 10 10209 10346 10210 10226 10070 9865 9907 10010 9851 9767 
1 5 10496 10690 10771 10740 10838 
1 6 10850 10763 11010 11160 11206 11302 
1 3 10850 10861 10801 
1 2 10850 10763 
1 2 10819 11027 
1 5 10819 10757 10624 10429 10209 
1 2 10819 10757 
1 2 10757 10819 
1 8 10757 10916 10946 10836 10962 11178 11252 11476 
1 5 10757 10916 11074 11116 11240 
1 5 10838 10740 10771 10690 10496 
1 5 10838 10924 11012 11061 11075 
1 7 10838 10740 10592 10438 10398 10255 10052 
1 12 10838 10924 11012 11180 11347 11505 11645 11576 11716 11781 11741 11888 
1 3 10763 11010 11059 
1 2 10763 10850 
1 5 10763 11010 11160 11206 11302 
1 4 10763 10850 10861 10801 
1 5 10801 10599 10531 10416 10207 
1 3 10801 10861 10850 
1 4 10801 10861 10850 10763 
1 5 11046 10893 10752 10689 10609 
1 7 11046 11141 11133 11323 11303 11486 11476 
1 10 11617 11515 11670 11765 11773 11857 11983 12112 12074 12262 
1 3 13367 13277 13132 
1 5 11240 11116 11074 10916 10757 
1 3 11240 11198 11336 
1 4 13713 13570 13467 13260 
1 10 12262 12074 12112 11983 11857 11773 11765 11670 11515 11617 
1 7 12262 12461 12587 12578 12662 12706 12860 
1 6 11636 11453 11541 11426 11486 11476 
1 4 11336 11467 11614 11573 
1 8 11336 11467 11614 11573 11726 11887 11917 12083 
1 3 11336 11467 11614 
1 5 11336 11467 11504 11452 11476 
1 3 11336 11198 11240 
1 8 11476 11252 11178 10962 10836 10946 10916 10757 
1 6 11476 11486 11426 11541 11453 11636 
1 5 11476 11452 11504 11467 11336 
1 7 11476 11486 11303 11323 11133 11141 11046 
1 12 11888 12059 12218 12227 12360 12288 12450 12605 12772 12647 12785 12763 
1 8 11888 12059 12103 12197 12325 12369 12460 12599 
1 12 11888 11741 11781 11716 11576 11645 11505 11347 11180 11012 10924 10838 
1 4 12814 12806 12885 12998 
1 15 12814 12671 12632 12522 12384 12244 12114 12127 12063 11871 11993 11811 11923 11748 11662 
1 19 12998 12885 12831 12807 12745 12655 12560 12431 12411 12524 12462 12417 12276 12233 12106 12034 11962 11950 11933 
1 4 12998 12885 12806 12814 
1 17 12998 13076 12984 12886 12807 12707 12536 12473 12484 12431 12294 12200 12064 11993 11811 11748 11662 
1 4 12998 13196 13308 13447 
1 7 14075 13975 13940 13788 13673 13618 13647 
1 4 14075 14186 14289 14414 
1 8 12599 12460 12369 12325 12197 12103 12059 11888 
1 3 12599 12718 12762 
1 4 12654 12755 12805 12762 
1 2 13357 13388 
1 7 12860 12706 12662 12578 12587 12461 12262 
1 15 12860 12923 12924 13005 13006 13144 13119 13195 13150 13280 13307 13182 13389 13469 13447 
1 3 12762 12718 12599 
1 4 12762 12805 12755 12654 
1 5 12762 12805 12896 13051 13132 
1 3 13132 13278 13367 
1 3 13132 13220 13253 
1 5 13132 13051 12896 12805 12762 
1 8 13132 13220 13305 13472 13508 13621 13765 13849 
1 3 13253 13220 13132 
1 6 13253 13289 13453 13621 13765 13849 
1 2 13219 13311 
1 4 13447 13308 13196 12998 
1 19 13447 13308 13196 12998 12885 12831 12639 12707 12536 12473 12484 12431 12294 12200 12064 11993 11811 11748 11662 
1 15 13447 13469 13389 13182 13307 13280 13150 13195 13119 13144 13006 13005 12924 12923 12860 
1 8 13447 13469 13635 13751 13945 14084 14274 14370 
1 2 13388 13190 
1 4 13388 13357 13620 13619 
1 2 13388 13357 
1 4 13323 13437 13427 13260 
1 2 13835 13647 
1 2 13618 13647 
1 4 13260 13467 13570 13713 
1 4 13260 13427 13437 13323 
1 4 13260 13467 13406 13311 
1 2 13311 13219 
1 4 13311 13406 13467 13260 
1 4 13311 13406 13648 13693 
1 3 14694 14791 14796 
1 3 13658 13620 13619 
1 2 13658 13720 
1 3 13619 13620 13658 
1 4 13619 13620 13357 13388 
1 4 13619 13620 13658 13720 
1 2 13647 13835 
1 7 13647 13618 13673 13788 13940 13975 14075 
1 2 13647 13618 
1 4 13693 13648 13406 13311 
1 7 13693 13740 13790 13741 13694 13765 13849 
1 2 13720 13658 
1 4 13720 13658 13620 13619 
1 6 14160 14272 14392 14500 14659 14569 
1 8 13849 13765 13621 13508 13472 13305 13220 13132 
1 6 13849 13765 13621 13453 13289 13253 
1 7 13849 13765 13694 13741 13790 13740 13693 
1 11 13849 13976 14120 14221 14309 14401 14548 14636 14755 14885 14996 
1 8 14370 14274 14084 13945 13751 13635 13469 13447 
1 7 14370 14506 14616 14729 14874 14769 14880 
1 2 14244 14414 
1 6 14569 14659 14500 14392 14272 14160 
1 3 14569 14706 14825 
1 6 14331 14386 14482 14513 14427 14613 
1 2 14460 14519 
1 4 14460 14345 14265 14129 
1 4 14460 14537 14663 14822 
1 3 15561 15668 15762 
1 6 15762 15733 15877 16015 16194 16180 
1 3 15762 15574 15561 
1 6 15762 15733 15877 16015 16194 16279 
1 10 15762 15574 15626 15502 15379 15255 15256 15132 14932 14796 
1 4 15762 15733 15626 15627 
1 3 14852 14705 14613 
1 4 14414 14289 14186 14075 
1 2 14414 14244 
1 5 14414 14590 14694 14791 14796 
1 13 15608 15723 15608 15503 15384 15352 15334 15249 15239 15135 14987 14946 14945 
1 13 15608 15723 15608 15503 15468 15385 15282 15142 15143 15006 15012 15007 14880 
1 8 15608 15723 15608 15503 15384 15352 15221 15058 
1 5 15608 15723 15850 15835 15880 
1 8 15058 15221 15352 15384 15503 15608 15723 15608 
1 6 14613 14427 14513 14482 14386 14331 
1 3 14613 14705 14852 
1 9 14613 14427 14445 14401 14548 14636 14837 14885 14996 
1 7 14880 14769 14874 14729 14616 14506 14370 
1 13 14880 15007 15012 15006 15143 15142 15282 15385 15468 15503 15608 15723 15608 
1 3 14796 14791 14694 
1 2 14796 14822 
1 10 14796 14932 15132 15256 15255 15379 15502 15626 15574 15762 
1 5 14796 14791 14694 14590 14414 
1 10 14796 14932 15082 15148 15256 15363 15394 15512 15579 15627 
1 10 14822 14725 14663 14519 14460 14317 14220 14101 14265 14129 
1 4 14822 14663 14537 14460 
1 2 14822 14796 
1 5 15044 15213 15043 14997 14996 
1 15 15044 15064 15288 15445 15551 15688 15581 15716 15849 15864 15955 16110 16170 16247 16397 
1 4 14825 14826 15011 15057 
1 3 14825 14706 14569 
1 12 14825 14824 14843 14823 14726 14538 14658 14778 14892 14998 14997 14996 
1 11 14996 14885 14755 14636 14548 14401 14309 14221 14120 13976 13849 
1 12 14996 14997 14998 14892 14778 14658 14538 14726 14823 14843 14824 14825 
1 9 14996 14885 14837 14636 14548 14401 14445 14427 14613 
1 5 14996 14997 15043 15213 15044 
1 4 16397 16247 16170 16312 
1 15 16397 16247 16170 16110 15955 15864 15849 15716 15581 15688 15551 15445 15288 15064 15044 
1 13 520 581 490 573 717 741 834 917 1020 1101 1220 1326 1404 
1 12 281 198 232 346 391 343 319 369 466 503 548 614 
1 10 1854 2107 2157 2156 2081 1923 2001 2000 1821 2072 
1 83 5905 6003 5745 5772 5869 5773 5785 5746 5756 5700 5793 5803 5853 5817 5875 5925 5940 5916 6016 5988 5860 5731 5682 5552 5529 5357 5309 5285 5371 5413 5388 5426 5358 5359 5379 5254 5264 5087 5158 5132 5189 5133 5190 5177 5147 4998 4860 4941 4942 4928 4960 4961 4849 4943 4826 4714 4745 4767 4702 4568 4395 4454 4365 4302 4227 4090 4064 3972 3840 3790 3756 3745 3852 3768 3617 3578 3432 3477 3408 3399 3215 3074 3108 
1 31 5905 6003 6103 6053 5966 5987 5939 5967 6080 5976 6105 6064 6090 5977 6015 6140 6127 6289 6437 6385 6273 6290 6313 6283 6252 6156 6188 6072 6107 5959 6129 
1 22 5905 5699 5690 5442 5240 5034 4823 4630 4321 4239 4320 4239 4081 3785 3540 3504 3308 3172 2970 2941 2923 2762 
1 8 5905 6102 6174 6333 6435 6555 6702 6773 
1 59 5905 6025 6174 6333 6398 6480 6563 6651 6580 6733 6825 6841 6824 6932 6994 7035 7120 7252 7317 7290 7347 7427 7472 7557 7538 7548 7579 7619 7410 7520 7627 7556 7773 7796 7818 7844 7880 7896 7834 7940 7954 8166 8134 8172 8322 8183 8171 8235 8100 7907 7988 8124 7888 7695 7781 7894 7732 7902 7927 
1 12 1567 1416 1477 1318 1151 1236 1080 1046 929 823 670 533 
1 126 1567 1416 1318 1236 1162 1059 1004 946 974 980 1025 1047 991 1107 1177 1112 1134 997 1108 1116 1260 1420 1520 1672 1782 1893 2032 2077 2192 2211 2345 2450 2579 2694 2793 2929 2968 3108 3074 3134 3114 3073 2928 2842 2865 2718 2712 2560 2598 2559 2613 2624 2632 2537 2484 2480 2374 2310 2358 2284 2209 2185 2208 2168 2084 2120 2112 2203 2090 2101 2023 2054 1970 2031 1944 1932 1846 1727 1708 1652 1651 1622 1715 1705 1665 1733 1548 1470 1533 1595 1477 1365 1357 1312 1253 1219 1181 1245 1259 1254 1273 1246 1255 1290 1319 1299 1399 1403 1444 1420 1520 1672 1782 1893 2032 2077 2192 2211 2345 2450 2579 2694 2793 2929 2968 3108 
1 5 533 462 497 472 349 
1 12 533 670 823 929 1046 1080 1236 1151 1318 1477 1416 1567 
1 5 349 472 497 462 533 
1 39 158 251 306 251 362 494 447 453 619 618 719 848 791 913 1021 1145 1232 1328 1405 1498 1514 1615 1743 1878 1883 2050 2146 2115 2251 2164 2298 2375 2451 2501 2645 2633 2638 2561 2516 
1 22 158 251 306 251 362 359 453 619 618 719 635 738 630 646 768 742 910 1060 938 1094 1088 1173 
1 55 1173 1088 1226 1338 1455 1569 1709 1831 1934 2048 2164 2298 2375 2451 2515 2580 2561 2516 2561 2638 2580 2515 2501 2467 2359 2298 2272 2145 2048 1945 1847 1709 1631 1598 1501 1385 1337 1226 1238 1226 1338 1455 1569 1709 1831 1934 2048 2164 2298 2375 2451 2515 2580 2561 2516 
1 22 1173 1088 1094 938 1060 910 742 768 646 630 738 635 719 618 619 453 359 362 251 306 251 158 
1 50 1173 3203 3119 3028 2873 2728 2634 2561 2638 2580 2515 2501 2467 2359 2298 2272 2145 2048 1945 1847 1709 1631 1598 1501 1385 1337 1226 1238 1226 1338 1455 1569 1709 1831 1934 2048 2164 2298 2375 2501 2645 2836 2983 3093 3202 3323 3278 3338 3348 3314 
1 8 1173 1313 1256 1186 1188 1281 1280 1404 
1 23 1173 1238 1226 1337 1385 1501 1598 1631 1709 1847 1945 2048 2145 2272 2298 2359 2467 2501 2515 2580 2638 2561 2516 
1 10 2072 1821 2000 2001 1923 2081 2156 2157 2107 1854 
1 18 2072 2200 2339 2294 2420 2439 2362 2475 2367 2421 2495 2609 2554 2454 2481 2402 2532 2762 
1 17 2072 2200 2372 2338 2608 2714 2821 3026 3089 3218 3089 3169 3439 3624 3907 4046 4182 
1 12 614 548 503 466 369 319 343 391 346 232 198 281 
1 33 1404 1577 1672 1782 1787 1810 1872 1921 2034 1913 1966 1914 1949 2086 2105 2145 2164 2115 2251 2164 2298 2375 2501 2515 2633 2772 2810 2909 2873 3028 3119 3348 3314 
1 13 1404 1326 1220 1101 1020 917 834 741 717 573 490 581 520 
1 8 1404 1280 1281 1188 1186 1256 1313 1173 
1 19 1404 1577 1521 1658 1763 1810 1928 2033 2093 2034 2205 2314 2434 2538 2625 2727 2830 2968 3108 
1 27 7303 7074 6869 6671 6907 6671 6561 6326 6384 6050 5938 6146 5938 5652 5738 5433 5239 5023 4959 4937 5003 4937 4730 4616 4691 4558 4182 
1 29 7303 7532 7510 7556 7627 7696 7687 7653 7720 7628 7635 7538 7488 7472 7347 7290 7317 7252 7159 7055 7104 7125 7105 7160 7176 7075 7022 6909 6773 
1 21 7303 7315 7264 7519 7597 7530 7610 7648 7459 7529 7652 7733 7726 7695 7555 7565 7618 7894 7732 7902 7927 
1 48 7303 7293 7510 7686 7818 7844 7880 7995 8109 8286 8207 8166 8134 8382 8673 8568 8800 8683 8873 8799 8807 8910 9095 9129 9224 9188 9087 8813 8812 8661 8788 8722 8779 8757 8712 8768 8778 8838 8954 8922 8831 8862 8871 8837 8861 8953 8915 8889 
1 22 2762 2923 2941 2970 3172 3300 3504 3540 3785 4081 4239 4320 4239 4321 4630 4823 5034 5240 5442 5690 5699 5905 
1 18 2762 2532 2402 2481 2454 2554 2609 2495 2421 2367 2475 2362 2439 2420 2294 2339 2200 2072 
1 28 2762 2754 2636 2686 2685 2708 2868 2857 2805 2894 2955 2901 2833 2986 3067 3032 2991 2822 3026 3089 3218 3089 3169 3439 3624 3907 4046 4182 
1 27 2401 2198 2320 2453 2622 2781 2931 2847 2878 2827 2820 2889 2700 2879 3096 3088 3137 2977 3031 3285 3380 3421 3668 3624 3907 4046 4182 
1 40 2401 2453 2683 2803 2914 3123 3299 3494 3833 4146 4219 3971 3858 3514 3494 3611 3299 3123 3333 3403 3206 3037 2832 2931 2781 2683 2453 2320 2198 2401 2453 2683 2803 2914 3123 3299 3494 3833 4146 4219 
1 17 4182 4046 3907 3624 3439 3169 3089 3218 3089 3026 2821 2714 2608 2338 2372 2200 2072 
1 28 4182 4046 3907 3624 3439 3169 3089 3218 3089 3026 2822 2991 3032 3067 2986 2833 2901 2955 2894 2805 2857 2868 2708 2685 2686 2636 2754 2762 
1 27 4182 4558 4691 4616 4730 4937 5003 4937 4959 5023 5239 5433 5738 5652 5938 6146 5938 6050 6384 6326 6561 6671 6907 6671 6869 7074 7303 
1 27 4182 4046 3907 3624 3668 3421 3380 3285 3031 2977 3137 3088 3096 2879 2700 2889 2820 2827 2878 2847 2931 2781 2683 2453 2320 2198 2401 
1 27 4182 4558 4691 4616 4478 4652 4742 4986 5211 5091 5276 5467 5791 5753 5698 6024 6123 6099 5850 6165 6408 6670 6813 6861 6979 7118 7041 
1 10 18851 18861 18728 18680 18568 18406 18241 18098 17987 17831 
1 10 17831 17987 18098 18241 18406 18568 18680 18728 18861 18851 
1 16 17831 17987 18159 18211 18163 18171 18240 18140 18107 18354 18410 18405 18340 18162 18134 18190 
1 37 17831 17987 18098 18241 18406 18418 18472 18595 18764 18802 18837 18905 18883 18998 18893 19041 19155 19127 19077 19218 19375 19319 19483 19513 19463 19491 19473 19436 19534 19535 19586 19539 19645 19741 19684 19643 19758 
1 43 17831 17803 17851 17861 17653 17570 17521 17371 17232 17113 16979 16906 16949 16915 16845 16675 16635 16626 16608 16483 16354 16134 16276 16277 16163 16241 16143 16005 15898 15881 15936 15788 15713 15692 15631 15482 15310 15179 15128 15001 15002 14904 14738 
1 6 17680 17606 17437 17367 17435 17259 
1 4 17680 17606 17437 17367 
1 28 17680 17841 17840 17877 17713 17605 17588 17418 17349 17404 17291 17529 17434 17546 17679 17627 17468 17304 17249 17008 16940 17118 17068 17166 17022 16991 16821 17058 
1 8 18384 18239 18050 17841 17878 17759 17673 17367 
1 15 16583 16832 16972 17099 17342 17547 17680 17840 17877 17713 17605 17588 17418 17228 17167 
1 3 16583 16380 16279 
1 3 16279 16380 16583 
1 2 16279 16180 
1 6 16279 16194 16015 15877 15733 15762 
1 6 16279 16180 16015 15877 15733 15627 
1 16 18190 18134 18162 18340 18405 18410 18354 18107 18140 18240 18171 18163 18211 18159 17987 17831 
1 16 18190 18237 18064 17985 17869 17973 17770 17695 17607 17705 17783 17934 17826 17879 17673 17367 
1 15 18151 18315 18541 18596 18586 18648 18734 18729 18715 18748 18739 18704 18647 18694 18722 
1 33 18151 18315 18526 18627 18814 18970 19053 19191 19311 19384 19311 19191 19053 18970 18853 18716 18813 18659 18596 18534 18438 18457 18380 18315 18357 18513 18627 18814 18970 19053 19211 19400 19506 
1 19 18151 18039 18059 17900 17749 17601 17458 17338 17246 17044 17018 16841 16691 16505 16406 16212 16055 16018 15924 
1 17 18151 18039 18012 17939 17947 17822 17807 17693 17535 17421 17237 17192 17042 16847 16736 16618 16529 
1 28 18151 18039 18059 18017 17918 17836 17750 17582 17542 17490 17504 17414 17272 17115 17028 17029 16924 16892 16829 16864 16999 16738 16647 16842 16640 16865 16760 16522 
1 32 18151 18012 17947 17885 17717 17573 17472 17364 17286 17363 17494 17611 17703 17845 17835 17891 17961 18011 18068 18078 18012 18039 18151 18012 17947 17885 17717 17573 17472 17276 17078 17012 
1 12 18151 18205 18303 18386 18350 18430 18514 18445 18587 18520 18563 18573 
1 28 18722 18550 18348 18300 18192 18077 18052 18002 18093 18246 18360 18450 18509 18551 18550 18488 18560 18646 18738 18646 18488 18348 18300 18192 18077 17927 17748 17898 
1 15 18722 18694 18647 18704 18739 18748 18715 18729 18734 18648 18586 18596 18541 18315 18151 
1 10 18722 18872 19029 19157 19289 19372 19426 19517 19643 19758 
1 20 18722 18694 18779 18796 18869 18887 18890 18748 18845 18914 18879 18863 19031 18987 19005 19185 19211 19311 19384 19506 
1 37 19758 19643 19684 19741 19645 19539 19586 19535 19534 19436 19473 19491 19463 19513 19483 19319 19375 19218 19077 19127 19155 19041 18893 18998 18883 18905 18837 18802 18764 18595 18472 18418 18406 18241 18098 17987 17831 
1 10 19758 19643 19517 19426 19372 19289 19157 19029 18872 18722 
1 21 19758 19643 19517 19426 19351 19289 19157 19029 18872 18722 18694 18779 18694 18551 18509 18450 18360 18246 18093 18002 17898 
1 17 19758 19785 19742 19728 19751 19698 19644 19714 19562 19614 19587 19478 19454 19505 19376 19400 19506 
1 4 17367 17437 17606 17680 
1 12 17367 17316 17129 17128 17031 16901 16783 16717 16664 16396 16279 16180 
1 8 17367 17673 17759 17878 17841 18050 18239 18384 
1 4 17367 17597 17486 17498 
1 16 17367 17673 17879 17826 17934 17783 17705 17607 17695 17770 17973 17869 17985 18064 18237 18190 
1 24 17367 17673 17879 17826 17934 17783 18063 18139 18262 18148 18353 18309 18524 18666 18727 18733 18821 18850 18919 18997 19057 19135 19256 19405 
1 24 19405 19256 19135 19057 18997 18919 18850 18821 18733 18727 18666 18524 18309 18353 18148 18262 18139 18063 17783 17934 17826 17879 17673 17367 
1 8 19848 19769 19864 19831 19762 19733 19802 19718 
1 15 17167 17228 17418 17588 17605 17713 17877 17840 17680 17547 17342 17099 16972 16832 16583 
1 24 17631 17434 17529 17291 17404 17349 17418 17588 17605 17713 17877 17840 17841 17680 17547 17342 17099 16901 16783 16717 16664 16396 16279 16180 
1 2 16180 16279 
1 12 16180 16279 16396 16664 16717 16783 16901 17031 17128 17129 17316 17367 
1 6 16180 16194 16015 15877 15733 15762 
1 7 16180 16194 16317 16425 16417 16293 16318 
1 24 16180 16279 16396 16664 16717 16783 16901 17099 17342 17547 17680 17841 17840 17877 17713 17605 17588 17418 17349 17404 17291 17529 17434 17631 
1 2 15627 15579 
1 6 15627 15733 15877 16015 16180 16279 
1 4 15627 15626 15733 15762 
1 10 15627 15579 15512 15488 15363 15256 15148 15082 14932 14796 
1 42 16933 17021 17084 17287 17290 17503 17473 17742 17687 17780 17801 17730 17664 17729 17764 17774 17786 17874 17867 18081 17867 18000 18106 18317 18422 18317 18553 18409 18523 18608 18754 18698 18884 18977 19081 19186 19323 19444 19495 19682 19761 19777 
1 20 16933 17125 17184 17265 17403 17560 17664 17729 17764 17774 17786 17677 17379 17048 16764 16662 16481 16342 16234 16233 
1 12 16933 17021 16805 16985 16753 16867 17108 17126 17117 17058 17109 17058 
1 28 17058 16821 16991 17022 17166 17068 17118 16940 17008 17249 17304 17468 17627 17679 17546 17434 17529 17291 17404 17349 17418 17588 17605 17713 17877 17840 17841 17680 
1 12 17058 17109 17058 17117 17126 17108 16867 16753 16985 16805 17021 16933 
1 20 16233 16234 16342 16481 16662 16764 17048 17379 17677 17786 17774 17764 17729 17664 17560 17403 17265 17184 17125 16933 
1 42 19777 19761 19682 19495 19444 19323 19186 19081 18977 18884 18698 18754 18608 18523 18409 18553 18317 18422 18317 18106 18000 17867 18081 17867 17874 17786 17774 17764 17729 17664 17730 17801 17780 17687 17742 17473 17503 17290 17287 17084 17021 16933 
1 8 19718 19802 19733 19762 19831 19864 19769 19848 
