1 1
1 26
1 158
1 280
1 281
1 349
1 520
1 533
1 614
1 1026
1 1173
1 1404
1 1567
1 1854
1 2072
1 2166
1 2401
1 2437
1 2515
1 2516
1 2728
1 2762
1 2786
1 3022
1 3034
1 3108
1 3314
1 3480
1 3657
1 3713
1 3920
1 4182
1 4219
1 4584
1 4593
1 5279
1 5289
1 5729
1 5779
1 5832
1 5905
1 6044
1 6129
1 6184
1 6348
1 6373
1 6445
1 6450
1 6504
1 6628
1 6684
1 6755
1 6773
1 7041
1 7303
1 7420
1 7485
1 7546
1 7927
1 8284
1 8356
1 8584
1 8889
1 8913
1 8952
1 9098
1 9105
1 9252
1 9377
1 9501
1 9506
1 9623
1 9767
1 9797
1 9874
1 9927
1 10024
1 10052
1 10150
1 10162
1 10207
1 10208
1 10209
1 10263
1 10323
1 10382
1 10477
1 10496
1 10548
1 10560
1 10568
1 10609
1 10757
1 10763
1 10801
1 10819
1 10838
1 10850
1 10895
1 11027
1 11046
1 11059
1 11075
1 11081
1 11175
1 11201
1 11240
1 11302
1 11336
1 11355
1 11476
1 11573
1 11583
1 11614
1 11617
1 11636
1 11662
1 11872
1 11888
1 11933
1 11980
1 12023
1 12083
1 12187
1 12217
1 12262
1 12599
1 12654
1 12666
1 12762
1 12763
1 12784
1 12814
1 12833
1 12860
1 12998
1 13010
1 13047
1 13093
1 13132
1 13190
1 13219
1 13228
1 13253
1 13260
1 13311
1 13323
1 13356
1 13357
1 13367
1 13388
1 13447
1 13533
1 13568
1 13618
1 13619
1 13631
1 13647
1 13658
1 13693
1 13713
1 13720
1 13835
1 13849
1 13858
1 14016
1 14024
1 14075
1 14129
1 14160
1 14211
1 14219
1 14228
1 14244
1 14275
1 14331
1 14370
1 14372
1 14414
1 14460
1 14519
1 14569
1 14585
1 14613
1 14694
1 14738
1 14796
1 14820
1 14822
1 14825
1 14842
1 14852
1 14880
1 14913
1 14945
1 14996
1 15019
1 15044
1 15048
1 15055
1 15057
1 15058
1 15117
1 15177
1 15271
1 15280
1 15303
1 15451
1 15490
1 15491
1 15541
1 15549
1 15561
1 15579
1 15608
1 15627
1 15652
1 15659
1 15712
1 15745
1 15746
1 15757
1 15762
1 15763
1 15774
1 15805
1 15847
1 15870
1 15880
1 15924
1 15972
1 15984
1 16060
1 16180
1 16233
1 16279
1 16302
1 16312
1 16318
1 16321
1 16382
1 16397
1 16409
1 16421
1 16451
1 16475
1 16487
1 16494
1 16522
1 16529
1 16540
1 16577
1 16583
1 16601
1 16609
1 16641
1 16812
1 16879
1 16884
1 16903
1 16904
1 16919
1 16933
1 16935
1 16937
1 16943
1 16967
1 16976
1 17012
1 17040
1 17058
1 17059
1 17071
1 17100
1 17111
1 17130
1 17139
1 17161
1 17167
1 17211
1 17212
1 17241
1 17259
1 17270
1 17306
1 17356
1 17367
1 17371
1 17387
1 17451
1 17454
1 17498
1 17631
1 17637
1 17680
1 17700
1 17777
1 17831
1 17843
1 17898
1 17996
1 18037
1 18051
1 18076
1 18151
1 18190
1 18384
1 18573
1 18722
1 18851
1 19016
1 19405
1 19506
1 19718
1 19754
1 19758
1 19777
1 19848
