
state={
	id=1
	name="STATE_1"
	manpower = 608499
	
	state_category = small_island
	#impassable = yes
	resources={
		aluminium=12
		chromium=5
		oil=15
		rubber=0
		steel=63
		tungsten=4
		coal=0
	}

	history={
		victory_points = { 831 4}
		victory_points = { 1047 4}
		
		owner = SAU
		buildings = {
			infrastructure = 1
			air_base = 1
			arms_factory = 0
			industrial_complex = 0
			
			
		}
		add_core_of = SAU
	}

	provinces={
		88 89 90 91 92 93 94 95 96 97 98 99 100 101 102 139 145 146 151 152 157 169 175 181 182 187 190 196 210 215 226 231 250 269 277 283 284 286 287 296 303 312 313 314 324 333 334 350 361 372 383 384 389 398 412 421 426 432 441 446 451 457 463 473 481 489 490 508 520 524 534 542 557 560 561 571 572 573 575 581 591 600 603 637 644 649 651 661 671 675 678 679 682 708 709 716 717 733 737 741 750 754 755 756 785 790 800 811 812 820 830 831 832 833 841 847 857 858 866 867 871 893 902 912 914 944 946 959 969 970 974 975 980 991 997 1002 1004 1013 1019 1025 1047 1059 1068 1072 1073 1081 1107 1112 1127 1131 1134 1152 1163 1172 1177 1181 1219 1245 1253 1254 1259 
	}
	local_supplies=0.0 
}
