
state={
	id=101
	name="STATE_101"
	manpower = 22794059
	
	state_category = megalopolis
	#impassable = yes
	resources={
		aluminium=40
		chromium=7
		oil=26
		rubber=10
		steel=87
		tungsten=16
		coal=0
	}

	history={

		owner = IRQ
		buildings = {
			infrastructure = 5
			
			arms_factory = 7
			industrial_complex = 5
			
			
		}
		add_core_of = IRQ
	}

	provinces={
		6994 7035 7055 7104 7120 7159 7189 7190 7242 7252 7290 7317 7318 7319 7332 7347 7387 7394 7427 7428 7429 7447 7460 7472 7473 7488 7489 7538 7539 7548 7549 7557 7573 7579 7588 7598 7611 7612 7619 7628 7629 7635 7636 7653 7687 7688 7696 7697 7698 7709 7720 7727 7728 7735 7741 7742 7743 7751 7755 7762 7763 7773 7774 7783 7786 7796 7797 7807 7808 7818 7819 7820 7821 7844 7855 7865 7866 7875 7876 7880 7881 7890 7891 7892 7896 7897 7921 7941 7942 7943 7944 7955 7956 7962 7963 7968 7969 7978 7989 7996 8000 8004 8025 8026 8027 8028 8034 8041 8042 8043 8052 8053 8073 8082 8090 8091 8110 8111 8125 8135 8136 8143 8144 8145 8146 8154 8167 8168 8173 8180 8184 8185 8200 8201 8208 8209 8210 8215 8216 8217 8227 8228 8251 8259 8260 8277 8278 8279 8286 8287 8296 8302 8303 8307 8308 8309 8315 8316 8323 8324 8334 8341 8353 8354 8360 8361 8368 8374 8383 8390 8391 8398 8399 8400 8419 8425 8426 8427 8428 8437 8448 8449 8450 8451 8459 8460 8466 8467 8476 8483 8484 8494 8495 8496 8512 8537 8538 8545 8546 8552 8553 8554 8555 8559 8560 8569 8577 8578 8587 8588 8603 8604 8612 8613 8619 8620 8629 8630 8631 8639 8640 8641 8645 8662 8674 8684 8691 8700 8707 8708 8713 8714 8715 8716 8723 8724 8725 8729 8730 8731 8737 8738 8745 8746 8747 8758 8765 8780 8781 8794 8795 8814 8824 8825 8826 8832 8839 8840 8841 8842 8848 8849 8850 8851 8852 8864 8865 8879 8880 8890 8891 8897 8904 8905 8916 8923 8924 8926 8927 8928 8933 8934 8935 8936 8937 8970 8977 8989 8990 8996 8997 8998 8999 9000 9001 9003 9004 9005 9006 9013 9031 9032 9033 9034 9041 9042 9043 9048 9061 9062 9063 9067 9068 9069 9082 9089 9096 9097 9108 9109 9110 9118 9130 9134 9140 9141 9142 9143 9144 9151 9152 9153 9166 9167 9176 9177 9182 9183 9184 9196 9197 9198 9207 9208 9209 9225 9226 9227 9228 9229 9239 9247 9253 9260 9261 9262 9267 9279 9286 9287 9289 9290 9297 9298 9299 9308 9315 9316 9321 9322 9323 9331 9332 9333 9342 9361 9362 9363 9364 9370 9371 9386 9387 9393 9401 9402 9403 9419 9420 9428 9429 9430 9436 9437 9442 9443 9452 9453 9454 9455 9456 9459 9467 9468 9469 9475 9483 9490 9497 9498 9513 9514 9515 9516 9517 9520 9525 9534 9539 9546 9547 9554 9555 9556 9562 9563 9564 9565 9576 9577 9584 9585 9597 9598 9599 9609 9618 9619 9634 9643 9644 9645 9646 9656 9657 9663 9664 9669 9675 9676 9677 9685 9686 9687 9688 9689 9690 9704 9707 9708 9713 9714 9730 9731 9732 9733 9742 9743 9744 9751 9756 9762 9769 9770 9771 9772 9784 9785 9791 9800 9801 9802 9803 9804 9814 9815 9820 9821 9822 9823 9853 9854 9859 9860 9861 9862 9866 9867 9876 9887 9894 9899 9900 9901 9902 9903 9904 9911 9912 9920 9921 9922 9923 9932 9933 9934 9939 9943 9944 9952 9953 9954 9961 9969 9970 9977 9978 9979 9987 9992 9993 9994 9995 10005 10011 10012 10017 10018 10026 10036 10037 10045 10053 10054 10055 10062 10063 10064 10072 10073 10074 10075 10076 10087 10094 10095 10099 10100 10101 10102 10109 10110 10111 10117 10118 10134 10135 10136 10144 10145 10155 10156 10163 10164 10165 10175 10176 10182 10183 10184 10212 10213 10214 10228 10237 10238 10244 10245 10246 10247 10248 10249 10250 10256 10257 10258 10267 10268 10275 10283 10284 10291 10292 10298 10299 10300 10301 10302 10310 10311 10312 10318 10319 10320 10329 10330 10337 10347 10353 10354 10355 10362 10369 10377 10378 10388 10392 10400 10401 10402 10421 10422 10430 10431 10432 10433 10439 10440 10441 10442 10445 10446 10452 10453 10461 10462 10463 10464 10470 10471 10472 10481 10482 10483 10484 10485 10498 10499 10504 10505 10513 10514 10515 10533 10534 10535 10540 10541 10542 10557 10558 10559 10560 10565 10566 10573 10574 10583 10584 10585 10586 10600 10601 10602 10611 10612 10613 10619 10627 10628 10637 10641 10642 10643 10648 10649 10650 10651 10657 10669 10670 10671 10679 10680 10691 10692 10693 10704 10705 10706 10707 10713 10714 10721 10722 10723 10724 10731 10735 10736 10743 10744 10753 10754 10758 10765 10778 10787 10788 10789 10790 10795 10796 10805 10812 10813 10814 10815 10820 10821 10822 10829 10830 10839 10840 10841 10842 10854 10855 10859 10870 10871 10872 10873 10881 10887 10894 10901 10907 10912 10918 10919 10925 10926 10927 10928 10937 10938 10939 10949 10950 10956 10964 10965 10966 10967 10968 10970 10978 10979 10980 10981 10988 10989 11015 11016 11017 11018 11041 11042 11043 11048 11049 11068 11069 11070 11084 11085 11100 11101 11102 11103 11113 11118 11119 11120 11126 11127 11128 11135 11136 11143 11144 11153 11154 11155 11163 11171 11183 11184 11209 11210 11211 11212 11213 11219 11229 11230 11246 11254 11255 11266 11267 11268 11269 11270 11277 11287 11294 11295 11296 11304 11305 11308 11314 11315 11325 11331 11340 11341 11351 11366 11375 11376 11377 11382 11383 11403 11404 11418 11419 11430 11431 11439 11440 11441 11456 11463 11464 11469 11488 11489 11490 11492 11507 11511 11516 11517 11525 11526 11531 11543 11544 11556 11557 11577 11589 11590 11591 11592 11598 11606 11612 11618 11629 11630 11663 11686 11693 11694 11695 11696 11710 11718 11737 11738 11782 11783 11784 11789 11812 11836 11845 11854 11865 11892 11901 11944 11949 11994 12005 12006 12033 12063 12064 12076 12094 12106 12128 12154 12200 12220 12221 12233 12276 12296 12302 12303 12349 12378 12412 12417 12418 12485 12516 12525 12569 12603 
	}
	local_supplies=0.0 
}
