
state={
	id=103
	name="STATE_103"
	manpower = 7006991
	
	state_category = megalopolis
	#impassable = yes
	resources={
		aluminium=0
		chromium=9
		oil=3
		rubber=126
		steel=17
		tungsten=0
		coal=0
	}

	history={

		owner = IRQ
		buildings = {
			infrastructure = 5
			
			arms_factory = 3
			industrial_complex = 9
			
			
		}
		add_core_of = IRQ
	}

	provinces={
		7490 7491 7525 7552 7568 7569 7584 7603 7604 7624 7639 7640 7641 7642 7656 7681 7682 7692 7717 7723 7730 7731 7747 7754 7794 7802 7826 7837 7838 7848 7849 7871 7872 7884 7885 7893 7905 7917 7918 7951 7958 7982 7983 7984 7985 8003 8020 8046 8058 8059 8069 8078 8079 8094 8115 8149 8157 8177 8178 8189 8195 8205 8223 8230 8239 8240 8247 8255 8293 8312 8336 8346 8356 8364 8365 8366 8370 8385 8386 8405 8406 8414 8422 8423 8440 8481 8489 8498 8510 8525 8526 8527 8530 8531 8541 8548 8571 8572 8582 8583 8615 8635 8636 8642 8643 8651 8658 8659 8669 8678 8679 8693 8718 8733 8734 8750 8751 8767 8771 8785 8791 8798 8805 8809 8810 8811 8844 8884 8885 8886 8894 8899 8907 8940 8941 8942 8949 8963 8964 8973 8974 8979 8980 9016 9024 9025 9026 9027 9037 9051 9052 9058 9083 9084 9094 9113 9114 9121 9131 9132 9137 9147 9158 9172 9180 9199 9200 9212 9213 9219 9220 9231 9232 9233 9243 9250 9263 9264 9269 9270 9271 9272 9301 9302 9310 9318 9319 9327 9337 9345 9349 9350 9358 9359 9360 9365 9366 9374 9394 9407 9414 9424 9432 9433 9438 9447 9448 9463 9478 9479 9480 9494 9495 9508 9509 9521 9529 9535 9540 9541 9551 9569 9570 9571 9579 9588 9604 9611 9612 9627 9636 9637 9649 9661 9662 9670 9671 9672 9673 9692 9693 9719 9747 9752 9759 9776 9778 9779 9788 9793 9810 9817 9826 9847 9848 9855 9869 9882 9883 9892 9905 9906 9925 9936 9948 9973 9980 9997 10009 10015 10022 10033 10041 10056 10078 10105 10127 10168 10192 10233 10240 10270 10287 10324 10380 10389 10427 10466 10522 10598 10733 
	}
	local_supplies=0.0 
}
