
state={
	id=106
	name="STATE_106"
	manpower = 1048064
	
	state_category = small_island
	#impassable = yes
	resources={
		aluminium=1
		chromium=9
		oil=0
		rubber=0
		steel=33
		tungsten=6
		coal=3
	}

	history={
		victory_points = { 18151 1}
		victory_points = { 19006 7}
		victory_points = { 19226 7}
		
		owner = TUR
		buildings = {
			infrastructure = 1
			
			arms_factory = 0
			industrial_complex = 1
			
			
		}
		add_core_of = TUR
	}

	provinces={
		18012 18078 18151 18205 18315 18349 18350 18357 18386 18427 18430 18456 18474 18511 18513 18526 18535 18541 18572 18585 18586 18596 18605 18618 18625 18626 18627 18648 18649 18659 18668 18688 18704 18715 18716 18719 18729 18734 18739 18748 18793 18796 18813 18814 18824 18845 18846 18853 18863 18869 18879 18887 18890 18913 18914 18930 18931 18939 18940 18970 18987 19001 19005 19006 19025 19031 19035 19053 19060 19073 19074 19094 19104 19113 19120 19129 19139 19174 19178 19179 19184 19185 19191 19201 19211 19219 19226 19232 19243 19244 19263 19279 19300 19311 19320 19328 19329 19339 19376 19389 19400 19407 19408 19418 19419 19437 19454 19475 19478 19492 19498 19505 19527 19562 19581 19582 19587 19588 19596 19605 19606 19607 19614 19619 19644 19688 19698 19699 19714 19715 19716 19722 19728 19729 19731 19742 19751 19752 19765 19798 19820 19834 19850 19856 19861 19867 19868 19873 19874 19875 
	}
	local_supplies=0.0 
}
