
state={
	id=109
	name="STATE_109"
	manpower = 2682825
	
	state_category = metropolis
	#impassable = yes
	resources={
		aluminium=1
		chromium=0
		oil=2
		rubber=45
		steel=2
		tungsten=0
		coal=0
	}

	history={

		owner = IRQ
		buildings = {
			infrastructure = 3
			
			arms_factory = 7
			industrial_complex = 5
			
			
		}
		add_core_of = IRQ
	}

	provinces={
		7899 7947 7949 7950 7972 8031 8032 8036 8085 8103 8129 8164 8169 8188 8212 8238 8268 8290 8291 8311 8318 8379 8394 8403 8412 8413 8421 8431 8432 8470 8509 8515 8523 8524 8540 8547 8581 8597 8626 8634 8649 8650 8668 8677 8702 8732 8740 8741 8763 8783 8784 8804 8819 8883 8892 8893 8898 8906 8914 8961 8962 9021 9022 9023 9044 9064 9092 9093 9099 9157 9170 9171 9179 9218 9249 9256 9283 9300 9326 9336 9382 9413 9462 9501 9502 9528 9550 9568 9603 9626 9698 9718 9725 9726 9746 9787 9879 9880 9890 9891 9896 9957 9958 9964 10014 10030 10039 10040 10047 10065 10122 
	}
	local_supplies=0.0 
}
