
state={
	id=117
	name="STATE_117"
	manpower = 9616898
	
	state_category = megalopolis
	#impassable = yes
	resources={
		aluminium=20
		chromium=0
		oil=33
		rubber=0
		steel=80
		tungsten=16
		coal=17
	}

	history={

		owner = IRQ
		buildings = {
			infrastructure = 5
			
			arms_factory = 5
			industrial_complex = 7
			
			
		}
		add_core_of = IRQ
	}

	provinces={
		13856 13857 13870 13871 13872 13873 13874 13883 13948 13949 13967 13971 13997 13998 13999 14007 14029 14039 14086 14097 14107 14108 14115 14123 14132 14136 14137 14138 14139 14140 14141 14155 14156 14181 14182 14200 14207 14213 14214 14229 14236 14237 14268 14275 14277 14278 14293 14299 14300 14301 14305 14306 14313 14314 14315 14336 14341 14373 14374 14382 14388 14416 14433 14434 14442 14443 14455 14456 14463 14468 14469 14470 14471 14489 14494 14495 14515 14516 14532 14539 14540 14554 14555 14565 14573 14580 14594 14595 14610 14611 14618 14619 14641 14666 14667 14674 14675 14684 14701 14719 14733 14734 14739 14740 14770 14783 14784 14789 14798 14802 14818 14819 14832 14839 14845 14846 14847 14857 14868 14896 14923 14924 14940 14941 14942 14949 14950 14957 14958 14965 14966 14971 15001 15008 15009 15014 15015 15021 15022 15038 15052 15062 15067 15085 15086 15087 15094 15106 15107 15108 15124 15128 15139 15145 15151 15152 15163 15164 15169 15180 15181 15182 15208 15209 15215 15216 15233 15241 15242 15251 15258 15261 15267 15283 15284 15300 15305 15311 15312 15313 15317 15329 15336 15337 15338 15339 15340 15355 15374 15381 15400 15401 15402 15409 15418 15422 15436 15441 15452 15453 15454 15459 15460 15461 15473 15483 15499 15500 15504 15505 15506 15517 15522 15527 15528 15535 15536 15554 15566 15586 15587 15593 15598 15599 15607 15609 15615 15621 15622 15632 15641 15642 15643 15653 15654 15655 15663 15664 15683 15684 15693 15694 15695 15701 15714 15719 15720 15724 15747 15748 15749 15754 15755 15761 15790 15791 15795 15796 15797 15809 15810 15811 15812 15813 15823 15838 15846 15853 15857 15874 15875 15876 15882 15883 15892 15893 15903 15908 15912 15920 15921 15922 15929 15937 15950 15951 15957 15958 15959 15965 15966 15967 15968 15974 15982 15996 16006 16007 16010 16011 16012 16021 16022 16028 16037 16043 16044 16051 16052 16064 16065 16074 16075 16076 16102 16103 16112 16119 16121 16128 16137 16138 16176 16177 16185 16188 16196 16205 16206 16229 16242 16251 16258 16265 16270 16288 16297 16305 16315 16341 16348 16357 16366 16367 16376 16383 16390 16392 16403 16404 16413 16428 16429 16460 16474 16491 16495 16502 16515 16519 16528 16537 16545 16560 16574 16581 16592 16600 16610 16628 16655 16656 16669 16690 16700 16709 16714 16720 16725 16734 16735 16743 16744 16779 16784 16803 16826 16859 16860 16861 16870 16871 16876 16889 16890 16952 16960 16961 16962 17016 
	}
	local_supplies=0.0 
}
