
state={
	id=118
	name="STATE_118"
	manpower = 1066237
	
	state_category = small_island
	#impassable = yes
	resources={
		aluminium=36
		chromium=5
		oil=0
		rubber=0
		steel=0
		tungsten=8
		coal=38
	}

	history={
		victory_points = { 18743 7}
		victory_points = { 18906 7}
		victory_points = { 19758 1}
		
		owner = TUR
		buildings = {
			infrastructure = 1
			
			arms_factory = 0
			industrial_complex = 1
			
			
		}
		add_core_of = TUR
	}

	provinces={
		18407 18497 18579 18584 18611 18654 18675 18721 18743 18777 18795 18823 18830 18838 18862 18896 18900 18906 18947 18956 18957 18962 18965 18968 19012 19045 19046 19066 19071 19072 19077 19089 19092 19127 19128 19138 19155 19156 19160 19164 19188 19193 19206 19218 19225 19241 19242 19252 19273 19274 19286 19287 19299 19308 19316 19319 19327 19332 19347 19351 19356 19363 19368 19369 19371 19372 19375 19388 19395 19396 19398 19399 19426 19431 19436 19442 19449 19458 19463 19473 19477 19483 19491 19512 19513 19517 19534 19535 19536 19538 19539 19546 19552 19565 19580 19586 19601 19604 19611 19612 19613 19618 19632 19633 19640 19641 19642 19643 19645 19648 19684 19685 19687 19691 19697 19703 19708 19719 19720 19721 19727 19741 19744 19748 19749 19750 19758 19764 19775 19785 19787 19791 19792 19810 19818 19819 19826 19842 19849 19854 19855 19860 19866 19871 19872 19879 19881 19882 
	}
	local_supplies=0.0 
}
