
state={
	id=121
	name="STATE_121"
	manpower = 3820548
	
	state_category = megalopolis
	#impassable = yes
	resources={
		aluminium=2
		chromium=10
		oil=9
		rubber=54
		steel=17
		tungsten=0
		coal=51
	}

	history={

		owner = IRQ
		buildings = {
			infrastructure = 4
			
			arms_factory = 4
			industrial_complex = 8
			
			
		}
		add_core_of = IRQ
	}

	provinces={
		8818 8882 8925 8929 8959 8960 9050 9057 9090 9112 9178 9185 9186 9211 9215 9230 9248 9317 9324 9325 9335 9343 9344 9357 9372 9373 9379 9380 9381 9406 9445 9446 9461 9470 9476 9477 9492 9493 9500 9507 9527 9549 9558 9602 9620 9625 9635 9648 9660 9665 9680 9681 9682 9691 9716 9717 9774 9786 9807 9808 9809 9816 9831 9840 9841 9888 9889 9924 9956 9963 9972 10008 10013 10029 10038 10046 10048 10089 10096 10103 10104 10113 10123 10124 10147 10148 10185 10186 10217 10218 10229 10230 10239 10251 10261 10262 10313 10321 10322 10348 10365 10372 10393 10403 10411 10425 10455 10474 10487 10488 10506 10507 10520 10536 10544 10545 10568 10576 10577 10587 10596 10604 10605 10644 10660 10672 10708 10716 10726 10747 10766 10780 10792 10798 10867 10875 10883 10884 10896 10903 10908 10920 10942 10999 11025 11026 11057 11062 11063 11071 11079 11089 11104 11172 11185 11223 11234 
	}
	local_supplies=0.0 
}
