
state={
	id=127
	name="STATE_127"
	manpower = 871805
	
	state_category = small_island
	#impassable = yes
	resources={
		aluminium=12
		chromium=19
		oil=0
		rubber=31
		steel=8
		tungsten=0
		coal=65
	}

	history={
		victory_points = { 9938 8}
		victory_points = { 10969 2}
		
		owner = IRN
		buildings = {
			infrastructure = 1
			
			arms_factory = 0
			industrial_complex = 0
			
			
		}
		add_core_of = IRN
	}

	provinces={
		9266 9347 9376 9408 9439 9471 9531 9581 9589 9613 9630 9701 9738 9748 9794 9812 9842 9850 9886 9938 9941 9966 10002 10034 10043 10067 10081 10115 10152 10153 10159 10205 10234 10272 10288 10305 10327 10328 10335 10344 10350 10383 10384 10406 10437 10443 10475 10502 10503 10511 10530 10547 10562 10606 10615 10633 10654 10665 10698 10699 10710 10711 10719 10728 10734 10761 10769 10794 10808 10809 10817 10877 10885 10921 10953 10960 10969 10973 10991 10992 10993 11004 11053 11066 11072 11073 11080 11099 11124 11149 11159 11175 11192 11204 11205 11214 11226 11238 11239 11282 11283 11298 11320 11321 11322 11359 11360 11371 11389 11390 11399 11436 11445 11451 11460 11461 11495 11521 11527 11547 11548 11572 11585 11602 11603 11608 11623 11626 11659 11660 11667 11674 11700 11701 11706 11714 11725 11753 11777 11791 11797 11806 11820 11821 11840 11841 11855 11868 11877 11897 11898 11904 11909 11910 11958 11959 11971 11988 12010 12011 12016 12048 12067 12090 12091 12099 12100 12101 12109 12133 12142 12156 12163 12164 12169 12185 12215 12225 12232 12277 12278 12286 12322 12341 12346 12352 12353 12375 12383 12395 12422 12439 12440 12447 12467 12468 12478 12490 12500 12505 12539 12610 12613 12629 12637 12645 12658 12675 12676 12704 12716 12725 12733 12749 12753 12796 12819 12842 12865 12870 12883 12920 12921 12922 12968 12981 12988 12996 13023 13039 13049 13083 13092 13108 13117 13131 13203 13204 13251 13258 13426 13436 
	}
	local_supplies=0.0 
}
