
state={
	id=128
	name="STATE_128"
	manpower = 6090542
	
	state_category = megalopolis
	#impassable = yes
	resources={
		aluminium=0
		chromium=57
		oil=3
		rubber=0
		steel=15
		tungsten=0
		coal=0
	}

	history={

		owner = IRQ
		buildings = {
			infrastructure = 5
			
			arms_factory = 6
			industrial_complex = 6
			
			
		}
		add_core_of = IRQ
	}

	provinces={
		14833 14860 14897 14898 14984 15023 15031 15032 15073 15140 15154 15171 15172 15243 15244 15318 15319 15341 15347 15367 15432 15449 15474 15523 15537 15543 15555 15588 15611 15616 15623 15633 15634 15635 15644 15656 15665 15696 15702 15703 15709 15721 15722 15731 15738 15739 15740 15768 15769 15783 15798 15799 15800 15801 15802 15814 15824 15831 15832 15833 15839 15854 15858 15867 15889 15909 15913 15914 15923 15924 15930 15938 15939 15940 15960 15969 15975 15983 15987 15992 15993 16018 16029 16045 16046 16054 16055 16066 16067 16077 16090 16091 16098 16113 16122 16144 16155 16165 16189 16190 16191 16212 16220 16230 16252 16259 16271 16278 16289 16290 16298 16328 16330 16349 16368 16384 16391 16406 16430 16431 16435 16442 16503 16504 16505 16516 16520 16546 16547 16602 16618 16619 16620 16657 16691 16703 16704 16722 16736 16746 16759 16800 16841 16847 16848 16862 16873 16882 16909 16917 16944 16953 16963 16970 16975 16990 17018 17027 17028 17029 17035 17042 17043 17044 17054 17073 17090 17091 17106 17115 17157 17175 17185 17186 17192 17193 17200 17207 17225 17246 17255 17256 17272 17314 17322 17337 17338 17345 17375 17401 17414 17432 17455 17458 17490 17496 17504 17511 17542 17564 17582 17601 17642 17649 17670 17704 17739 17749 17750 17769 17789 17798 17807 17813 17822 17836 17885 17886 17899 17900 17907 17918 17939 17947 17948 17961 18011 18016 18017 18039 18048 18054 18059 18068 18073 18087 18088 18144 18150 18154 18155 18167 18178 18204 18265 18275 18288 18303 18314 18380 18438 18457 18534 
	}
	local_supplies=0.0 
}
