
state={
	id=129
	name="STATE_129"
	manpower = 4797200
	
	state_category = megalopolis
	#impassable = yes
	resources={
		aluminium=0
		chromium=11
		oil=27
		rubber=40
		steel=36
		tungsten=0
		coal=51
	}

	history={

		owner = IRQ
		buildings = {
			infrastructure = 4
			
			arms_factory = 4
			industrial_complex = 8
			
			
		}
		add_core_of = IRQ
	}

	provinces={
		9355 9356 9405 9422 9423 9484 9485 9491 9548 9567 9594 9601 9610 9679 9715 9724 9734 9758 9825 9846 9868 9895 9913 9946 9947 9996 10007 10027 10028 10088 10119 10120 10121 10146 10166 10167 10190 10215 10222 10260 10276 10277 10303 10331 10332 10338 10363 10364 10370 10371 10379 10410 10423 10424 10447 10454 10465 10473 10486 10519 10525 10543 10552 10553 10567 10575 10595 10603 10614 10629 10652 10658 10681 10683 10715 10725 10732 10745 10746 10755 10759 10779 10791 10797 10823 10843 10865 10866 10874 10882 10888 10902 10929 10930 10940 10941 10957 10983 10990 10998 11030 11031 11055 11056 11087 11088 11094 11095 11114 11138 11145 11146 11156 11166 11220 11221 11233 11247 11248 11249 11271 11272 11279 11288 11332 11343 11356 11386 11396 11397 11405 11412 11420 11432 11433 11465 11481 11482 11532 11559 11567 11568 11579 11580 11581 11619 11620 11650 11680 11697 11720 11721 11722 11733 11739 11769 11817 11828 11837 11847 11848 11872 11906 11925 11952 11967 11968 11985 12012 12044 12045 12053 12054 12130 12131 12160 12171 12179 12192 12207 12257 12258 12307 12318 12363 12379 12399 12414 12432 12526 12530 12545 12546 12612 12643 12713 12722 12757 12890 
	}
	local_supplies=0.0 
}
