
state={
	id=136
	name="STATE_136"
	manpower = 6962735
	
	state_category = megalopolis
	#impassable = yes
	resources={
		aluminium=16
		chromium=1
		oil=22
		rubber=11
		steel=2
		tungsten=1
		coal=0
	}

	history={
		victory_points = { 9915 108}
		victory_points = { 10781 116}
		
		owner = IRQ
		buildings = {
			infrastructure = 5
			
			arms_factory = 3
			industrial_complex = 9
			
			
		}
		add_core_of = IRQ
	}

	provinces={
		9775 9777 9881 9914 9915 9916 9917 9965 9998 10020 10021 10031 10032 10042 10049 10050 10077 10090 10091 10126 10139 10150 10157 10177 10178 10188 10191 10200 10201 10219 10223 10224 10231 10232 10293 10314 10334 10339 10340 10341 10349 10358 10359 10404 10405 10412 10426 10435 10436 10448 10456 10457 10491 10500 10516 10521 10528 10537 10538 10554 10555 10561 10569 10578 10579 10588 10597 10620 10630 10631 10632 10645 10662 10663 10673 10674 10684 10696 10709 10717 10718 10727 10738 10748 10767 10773 10774 10781 10782 10800 10831 10832 10844 10845 10846 10860 10868 10897 10904 10913 10933 10934 10943 10944 10945 10958 10971 10984 11000 11001 11002 11007 11019 11033 11052 11058 11064 11090 11091 11105 11106 11115 11122 11131 11139 11168 11174 11186 11197 11202 11224 11225 11236 11273 11289 11290 11291 11297 11301 11310 11317 11318 11352 11357 11369 11398 11407 11413 11414 11415 11422 11449 11458 11459 11484 11494 11500 11534 11535 11536 11545 11570 11593 11594 11607 11613 11622 11625 11640 11642 11688 11698 11699 11704 11712 11723 11734 11752 11761 11786 11801 11809 11838 11859 11860 11867 11874 11875 11876 11885 11895 11955 11956 11969 11978 11979 11986 11987 11995 12009 12028 12036 12037 12057 12079 12080 12081 12098 12120 12121 12122 12149 12172 12194 12202 12203 12223 12224 12230 12248 12249 12250 12251 12273 12299 12320 12333 12344 12345 12350 12381 12390 12391 12392 12407 12415 12427 12433 12446 12497 12498 12504 12510 12511 12518 12532 12549 12550 12583 12584 12592 12626 12651 12664 12686 12691 12699 12701 12740 12741 12802 12803 12835 12892 12909 12918 12929 12957 13037 13057 13058 13090 13170 13218 13320 13354 13465 13505 13604 13617 13692 13705 13746 13796 13818 13894 13962 13963 14090 
	}
	local_supplies=0.0 
}
