
state={
	id=15
	name="STATE_15"
	manpower = 497566
	
	state_category = small_island
	#impassable = yes
	resources={
		aluminium=0
		chromium=11
		oil=35
		rubber=0
		steel=55
		tungsten=16
		coal=0
	}

	history={
		victory_points = { 185 6}
		
		owner = SAU
		buildings = {
			infrastructure = 1
			
			arms_factory = 0
			industrial_complex = 0
			
			
		}
		add_core_of = SAU
	}

	provinces={
		46 47 48 49 50 51 52 53 54 55 56 57 58 59 60 61 62 63 64 65 159 161 162 163 165 166 173 174 185 186 199 214 219 220 230 240 241 244 248 253 263 266 279 290 291 292 293 295 301 311 321 327 328 329 347 378 379 388 393 399 400 406 410 411 419 420 430 439 440 469 475 476 478 486 501 502 505 506 507 541 555 559 570 577 589 590 592 601 605 606 609 625 628 629 681 685 689 690 695 702 713 714 728 732 740 745 746 749 752 753 777 788 789 829 844 849 850 855 856 878 881 886 887 888 900 909 928 943 950 973 979 985 986 990 994 1011 1028 1029 1030 1036 1063 1067 1078 1085 1091 1095 1104 1120 1123 1125 1150 1160 1184 1193 1194 1196 1197 1201 1228 1249 1277 1284 1285 1292 1293 1296 1301 1329 1332 1351 1352 1359 1363 1395 1438 1445 1446 1447 1452 1467 1474 1479 1484 1487 1497 1508 1509 1510 1518 1566 1576 1585 1593 1594 1604 1625 1626 1633 1649 1686 1693 1697 1713 1728 1740 1770 1774 1779 1821 1854 1858 1865 1904 1910 1923 1924 2000 2001 2014 2058 2081 2107 2110 2156 2157 2200 2201 2288 2294 2321 2339 
	}
	local_supplies=0.0 
}
