
state={
	id=157
	name="STATE_157"
	manpower = 9706359
	
	state_category = megalopolis
	#impassable = yes
	resources={
		aluminium=0
		chromium=15
		oil=63
		rubber=4
		steel=55
		tungsten=28
		coal=34
	}

	history={
		
		owner = IRQ
		buildings = {
			infrastructure = 5
			
			arms_factory = 5
			industrial_complex = 7
			
			
		}
		add_core_of = IRQ
	}

	provinces={
		10661 10695 10737 10760 10799 10825 10909 10931 10932 10951 11032 11051 11096 11130 11157 11167 11173 11195 11196 11201 11235 11258 11259 11280 11300 11306 11309 11316 11344 11367 11368 11378 11394 11406 11421 11434 11443 11457 11466 11470 11483 11499 11512 11518 11533 11560 11561 11569 11582 11621 11631 11632 11633 11651 11657 11664 11673 11681 11703 11711 11750 11751 11760 11770 11775 11785 11796 11800 11818 11829 11830 11849 11873 11883 11884 11894 11903 11926 11947 11953 11954 11963 11964 11977 12008 12013 12022 12035 12046 12055 12056 12087 12088 12097 12116 12117 12118 12119 12132 12141 12148 12183 12193 12201 12213 12246 12247 12267 12268 12269 12270 12271 12272 12285 12298 12308 12319 12332 12343 12357 12358 12359 12380 12388 12389 12400 12401 12406 12420 12421 12426 12437 12438 12445 12453 12454 12455 12465 12475 12517 12527 12531 12537 12538 12547 12548 12563 12572 12573 12574 12575 12581 12589 12590 12596 12609 12635 12636 12644 12650 12656 12684 12685 12697 12698 12714 12715 12723 12724 12731 12732 12747 12758 12765 12766 12778 12779 12780 12795 12800 12801 12809 12817 12827 12832 12854 12855 12856 12862 12863 12867 12874 12877 12878 12879 12901 12908 12915 12916 12927 12928 12937 12942 12943 12949 12955 12956 12965 12966 12977 12994 12995 13002 13003 13011 13021 13027 13034 13035 13036 13045 13046 13054 13065 13070 13071 13078 13079 13080 13081 13087 13088 13115 13116 13121 13122 13123 13130 13153 13154 13155 13164 13167 13168 13169 13176 13186 13208 13209 13215 13216 13222 13223 13232 13238 13239 13240 13247 13256 13270 13271 13272 13273 13296 13297 13302 13303 13309 13316 13329 13361 13362 13384 13391 13392 13397 13398 13399 13400 13404 13405 13411 13412 13418 13424 13433 13434 13442 13449 13450 13463 13476 13486 13493 13503 13513 13520 13527 13534 13535 13539 13540 13548 13549 13558 13566 13580 13581 13587 13602 13603 13623 13624 13643 13652 13664 13669 13678 13679 13689 13690 13701 13709 13717 13718 13728 13738 13744 13755 13759 13760 13776 13794 13804 13826 13832 13833 13834 13844 13865 13866 13875 13876 13884 13885 13905 13911 13919 13934 13972 13973 13974 13980 14008 14018 14019 14030 14031 14048 14053 14087 14109 14133 14175 14183 14238 14239 14279 14328 14337 14375 14402 14403 14422 14457 14475 14521 14526 14566 14586 14587 14596 14633 14676 14702 14720 14735 14763 14813 14814 14848 14858 14859 14876 14925 14989 15003 15016 15039 15125 15153 15170 15252 
	}
	local_supplies=0.0 
}
