
state={
	id=16
	name="STATE_16"
	manpower = 1846764
	
	state_category = pastoral
	#impassable = yes
	resources={
		aluminium=3
		chromium=1
		oil=0
		rubber=0
		steel=53
		tungsten=60
		coal=82
	}

	history={

		owner = SAU
		buildings = {
			infrastructure = 1
			
			arms_factory = 0
			industrial_complex = 1
			
			
		}
		add_core_of = SAU
	}

	provinces={
		1879 1937 1961 1962 2002 2003 2015 2079 2082 2128 2129 2137 2172 2181 2228 2255 2276 2282 2302 2303 2349 2363 2369 2378 2410 2411 2422 2430 2464 2483 2498 2523 2524 2533 2543 2556 2569 2576 2577 2585 2610 2617 2661 2670 2675 2693 2716 2722 2731 2732 2738 2739 2745 2749 2750 2755 2756 2757 2767 2777 2783 2806 2807 2834 2835 2841 2849 2870 2871 2904 2915 2924 2925 2942 2949 2957 2961 2978 2987 2993 3002 3007 3013 3056 3060 3084 3091 3102 3103 3111 3125 3133 3142 3160 3191 3207 3212 3225 3226 3227 3239 3240 3241 3262 3272 3319 3327 3367 3368 3369 3370 3381 3395 3422 3449 3466 3467 3483 3515 3522 3541 3572 3591 3602 3625 3633 3651 3660 3696 3708 3722 3743 3752 3776 3786 3787 3837 3869 3875 3935 3940 3955 3965 3966 3987 3999 4009 4085 4115 4123 4124 4136 4172 4187 4246 4272 4282 4283 4322 4329 4362 4379 4380 4391 4452 4518 4577 4578 4579 4595 4606 4607 4630 4639 4747 4817 4823 4845 4862 4863 4883 4916 4949 5034 5072 5092 5099 5130 5213 5214 5227 5240 5291 5308 5387 5442 5453 5474 5509 5549 5654 5690 5699 5745 5772 5905 6003 6102 
	}
	local_supplies=0.0 
}
