
state={
	id=161
	name="STATE_161"
	manpower = 3752858
	
	state_category = town
	#impassable = yes
	resources={
		aluminium=6
		chromium=28
		oil=0
		rubber=0
		steel=26
		tungsten=9
		coal=0
	}

	history={
		victory_points = { 11583 8}
		victory_points = { 13147 56}
		
		owner = IRN
		buildings = {
			infrastructure = 1
			
			arms_factory = 0
			industrial_complex = 3
			
			
		}
		add_core_of = IRN
	}

	provinces={
		10914 10952 11003 11020 11021 11034 11035 11132 11140 11169 11187 11191 11203 11260 11281 11319 11327 11353 11358 11370 11387 11395 11435 11444 11450 11513 11519 11537 11538 11571 11583 11584 11601 11634 11652 11665 11682 11705 11713 11740 11744 11776 11787 11790 11802 11803 11804 11805 11819 11839 11850 11861 11862 11863 11886 11896 11907 11908 11927 11937 11938 11939 11957 11970 11974 11996 11997 12002 12014 12015 12038 12039 12047 12071 12082 12089 12123 12150 12151 12152 12155 12161 12162 12178 12184 12195 12214 12231 12238 12252 12259 12274 12290 12300 12309 12310 12321 12351 12364 12372 12373 12374 12382 12393 12394 12408 12456 12466 12476 12477 12487 12488 12489 12499 12512 12528 12551 12556 12557 12564 12565 12585 12627 12628 12652 12653 12657 12665 12673 12674 12687 12688 12689 12693 12702 12703 12748 12752 12767 12768 12783 12804 12811 12828 12829 12830 12841 12847 12848 12864 12869 12881 12882 12893 12902 12903 12919 12945 12951 12958 12967 12986 12987 13013 13014 13022 13038 13048 13059 13060 13082 13091 13098 13107 13142 13143 13147 13148 13149 13157 13158 13159 13165 13178 13200 13224 13242 13248 13249 13250 13275 13283 13288 13310 13339 13340 13345 13346 13355 13365 13374 13375 13386 13394 13402 13413 13414 13421 13425 13444 13451 13458 13459 13460 13488 13542 13552 13559 13560 13584 13588 13589 13605 13612 13634 13645 13646 13654 13655 13670 13671 13672 13711 13730 13739 13747 13748 13763 13764 13779 13784 13785 13797 13845 13862 13867 13886 13887 13898 13899 13912 13922 13923 13924 13938 13964 13969 13983 13988 14000 14011 14023 14027 14038 14054 14117 14144 14152 14153 14164 14165 14166 14177 14178 14185 14198 14203 14223 14224 14232 14243 14269 14270 14319 14320 14339 14344 14352 14365 14366 14391 14395 14407 14418 14419 14425 14426 14480 14497 14522 14544 14545 14546 14560 14561 14576 14577 14582 14598 14608 14628 14629 14630 14680 14681 14703 14711 14712 14713 14723 14724 14754 14759 14774 14785 14806 14807 14835 14850 14862 14871 14872 14908 14909 14920 14929 14953 14961 14969 14976 14991 15042 15054 15075 15080 15095 15096 15130 15158 15167 15174 15184 15237 15247 15253 15270 15279 
	}
	local_supplies=0.0 
}
