
state={
	id=162
	name="STATE_162"
	manpower = 2495524
	
	state_category = metropolis
	#impassable = yes
	resources={
		aluminium=0
		chromium=9
		oil=2
		rubber=0
		steel=4
		tungsten=0
		coal=0
	}

	history={
		victory_points = { 12208 5 }
		
		owner = SAR
		buildings = {
			infrastructure = 3
			
			arms_factory = 5
			industrial_complex = 7
			
			
		}
		add_core_of = SAR
	}

	provinces={
		10977 11024 11047 11112 11125 11152 11208 11242 11243 11244 11245 11265 11275 11299 11313 11324 11350 11373 11391 11392 11410 11429 11468 11478 11479 11506 11510 11515 11565 11615 11616 11617 11637 11669 11670 11685 11729 11730 11763 11764 11765 11771 11772 11807 11824 11856 11891 11905 11914 11915 11918 11919 11941 11982 12030 12031 12041 12042 12050 12068 12069 12104 12125 12166 12170 12181 12182 12189 12208 12219 12254 12288 12293 12326 12336 12337 12338 12339 12428 12434 12441 12450 12451 12471 12480 12481 12506 12577 12586 12604 12605 12606 12647 12660 12720 12772 12785 12792 12843 12940 12983 12991 13030 
	}
	local_supplies=0.0 
}
