
state={
	id=17
	name="STATE_17"
	manpower = 1115821
	
	state_category = small_island
	#impassable = yes
	resources={
		aluminium=58
		chromium=9
		oil=0
		rubber=0
		steel=15
		tungsten=53
		coal=0
	}

	history={
		victory_points = { 945 5}
		victory_points = { 1286 5}
		victory_points = { 1793 5}
		
		owner = SAU
		buildings = {
			infrastructure = 1
			
			arms_factory = 0
			industrial_complex = 0
			
			
		}
		add_core_of = SAU
	}

	provinces={
		66 67 68 69 70 71 72 73 74 75 76 128 135 144 150 164 167 178 179 189 193 202 224 225 237 249 254 255 267 268 282 294 302 305 322 323 331 332 348 368 371 374 380 385 401 407 416 417 431 456 461 470 471 479 487 492 516 517 522 523 538 556 565 566 578 593 599 602 607 610 617 634 636 640 643 655 660 665 669 691 692 693 696 703 704 715 723 729 747 762 763 772 774 778 784 796 797 798 799 803 804 805 810 814 823 838 839 840 845 846 865 889 892 898 901 911 920 921 922 923 929 934 935 945 951 958 967 968 977 978 995 996 999 1012 1024 1041 1046 1052 1056 1057 1058 1071 1079 1080 1087 1092 1093 1100 1105 1106 1126 1129 1130 1133 1140 1151 1161 1162 1171 1175 1176 1180 1198 1202 1206 1217 1218 1229 1230 1235 1236 1244 1264 1272 1278 1279 1286 1297 1302 1303 1304 1310 1311 1316 1317 1318 1333 1353 1356 1357 1360 1364 1365 1371 1372 1376 1397 1412 1413 1416 1429 1448 1449 1458 1468 1469 1470 1475 1476 1477 1489 1492 1502 1511 1512 1519 1531 1532 1533 1547 1548 1553 1560 1567 1586 1595 1597 1613 1614 1620 1621 1627 1638 1657 1664 1671 1678 1684 1687 1698 1699 1714 1726 1730 1738 1746 1747 1757 1768 1775 1780 1793 1798 1805 1828 1836 1844 1859 1867 1886 1896 1897 1898 1911 1912 1926 1927 1931 1942 1993 2009 2010 2011 2020 2021 2053 2059 2075 2096 2111 2118 2143 2149 2190 2202 2227 2240 2253 2254 2259 2260 2261 2269 2290 2377 2385 2390 2403 2404 2455 2476 2482 2512 2520 2522 2574 2575 2594 2648 2656 
	}
	local_supplies=0.0 
}
