
state={
	id=19
	name="STATE_19"
	manpower = 3385077
	
	state_category = megalopolis
	#impassable = yes
	resources={
		aluminium=0
		chromium=0
		oil=3
		rubber=2
		steel=1
		tungsten=0
		coal=42
	}

	history={

		owner = IRQ
		buildings = {
			infrastructure = 4
			
			arms_factory = 1
			industrial_complex = 11
			
			
		}
		add_core_of = IRQ
	}

	provinces={
		6175 6236 6300 6315 6411 6431 6439 6490 6491 6508 6554 6557 6597 6607 6636 6645 6660 6691 6737 6738 6767 6777 6780 6800 6851 6873 6874 6892 6893 6904 6916 6935 6955 6968 6989 6990 7004 7010 7011 7031 7032 7044 7060 7066 7071 7080 7085 7086 7087 7099 7100 7109 7147 7148 7163 7172 7177 7213 7214 7215 7216 7232 7233 7234 7249 7256 7267 7291 7322 7323 7334 7341 7356 7357 7370 7391 7392 7395 7396 7406 7407 7418 7424 7464 7465 7479 7484 7485 7496 7497 7504 7524 7534 7535 7544 7551 7562 7583 7602 7614 7632 7638 7651 7672 7673 7714 7715 7716 7722 7737 7738 7746 7759 7760 7789 7836 7847 7859 7869 7870 7883 7900 7916 7937 7981 7999 8002 8010 8018 8019 8064 8068 8130 8148 8165 8181 8246 8254 8292 8404 
	}
	local_supplies=0.0 
}
