
state={
	id=198
	name="STATE_198"
	manpower = 6794546
	
	state_category = megalopolis
	#impassable = yes
	resources={
		aluminium=18
		chromium=0
		oil=0
		rubber=0
		steel=0
		tungsten=0
		coal=0
	}

	history={
		
		owner = IRQ
		buildings = {
			infrastructure = 5
			
			arms_factory = 6
			industrial_complex = 6
			
			
		}
		add_core_of = IRQ
	}

	provinces={
		12980 13056 13067 13177 13199 13217 13266 13317 13344 13373 13401 13464 13487 13496 13521 13550 13551 13583 13596 13627 13644 13653 13666 13674 13682 13691 13762 13777 13778 13809 13816 13817 13827 13878 13907 13921 13937 13952 13961 13982 14009 14010 14021 14022 14034 14035 14036 14037 14051 14061 14080 14091 14098 14099 14100 14111 14112 14124 14125 14142 14143 14159 14176 14184 14195 14196 14197 14216 14217 14242 14250 14251 14258 14259 14260 14261 14282 14295 14329 14338 14342 14343 14351 14363 14364 14380 14390 14405 14406 14417 14423 14424 14450 14465 14472 14478 14479 14490 14496 14511 14517 14527 14528 14536 14543 14558 14559 14575 14581 14588 14607 14621 14622 14643 14655 14656 14670 14686 14687 14688 14693 14710 14722 14736 14737 14767 14790 14805 14821 14834 14849 14861 14870 14877 14882 14888 14889 14919 14951 14952 14960 14967 14968 14973 14974 14975 15026 15027 15028 15041 15053 15079 15088 15112 15113 15117 15118 15129 15146 15157 15166 15173 15191 15210 15211 15225 15226 15236 15245 15246 15269 15286 15287 15292 15322 15330 15349 15356 15357 15358 15359 15376 15390 15391 15411 15412 15424 15425 15433 15442 15455 15464 15465 15466 15509 15518 15519 15530 15531 15532 15533 15538 15547 15548 15556 15559 15577 15589 15595 15600 15619 15645 15646 15647 15657 15673 15674 15675 15685 15704 15715 15750 15776 15803 15815 15816 15825 15826 15868 15884 15925 15931 15952 15953 15976 15977 16047 16056 16057 16078 16092 16104 16123 16156 16166 16178 16192 16207 16221 16253 16260 16283 16331 16332 16350 16377 16393 16424 16462 16478 16496 16506 16521 16530 16548 16561 16569 16611 16658 16670 16676 16692 16693 16726 16737 16781 16801 16804 16874 16891 16910 16932 
	}
	local_supplies=0.0 
}
