
state={
	id=21
	name="STATE_21"
	manpower = 1224501
	
	state_category = pastoral
	#impassable = yes
	resources={
		aluminium=1
		chromium=29
		oil=0
		rubber=0
		steel=41
		tungsten=10
		coal=100
	}

	history={

		owner = TUR
		buildings = {
			infrastructure = 1
			
			arms_factory = 0
			industrial_complex = 0
			
			
		}
		add_core_of = TUR
	}

	provinces={
		18152 18153 18164 18228 18231 18242 18263 18282 18325 18341 18342 18376 18388 18389 18392 18398 18406 18417 18418 18470 18472 18473 18480 18487 18506 18507 18532 18540 18549 18554 18555 18567 18568 18594 18595 18604 18622 18631 18637 18645 18653 18667 18670 18671 18674 18680 18686 18702 18703 18713 18728 18747 18751 18764 18765 18772 18776 18788 18801 18802 18803 18808 18822 18836 18837 18844 18851 18860 18861 18877 18883 18885 18893 18904 18905 18927 18928 18929 18953 18954 18986 18990 18991 18992 18997 18998 18999 19000 19011 19014 19030 19034 19040 19052 19058 19064 19065 19076 19088 19097 19102 19122 19126 19136 19137 19142 19173 19176 19177 19183 19199 19231 19239 19251 19257 19267 19271 19272 19278 19284 19285 19296 19304 19326 19331 19335 19360 19361 19362 19367 19394 19397 19406 19414 19425 19448 19453 19468 19469 19471 19472 19489 19520 19561 19573 19671 
	}
	local_supplies=0.0 
}
