
state={
	id=25
	name="STATE_25"
	manpower = 1202867
	
	state_category = pastoral
	#impassable = yes
	resources={
		aluminium=34
		chromium=0
		oil=0
		rubber=0
		steel=1
		tungsten=0
		coal=0
	}

	history={

		owner = SAU
		buildings = {
			infrastructure = 1
			
			arms_factory = 0
			industrial_complex = 1
			
			158 = {
				naval_base = 1
			}
			
		}
		add_core_of = SAU
	}

	provinces={
		103 104 105 106 107 108 109 110 111 112 113 114 115 116 117 118 119 120 121 126 130 133 137 153 158 176 188 191 197 200 205 206 211 216 227 235 238 242 246 251 260 275 297 299 306 308 325 330 335 337 338 344 352 353 359 362 394 403 408 413 418 427 433 436 437 442 447 453 458 459 480 493 494 498 499 509 521 535 543 544 549 553 562 582 594 604 618 619 621 630 635 645 646 656 672 710 718 719 724 730 738 742 751 759 764 767 768 791 806 807 819 821 824 842 848 859 872 890 894 895 910 913 938 947 953 954 955 960 971 998 1000 1014 1015 1021 1060 1064 1075 1082 1088 1094 1096 1135 1173 1226 1238 
	}
	local_supplies=0.0 
}
