
state={
	id=257
	name="STATE_257"
	manpower = 483963
	
	state_category = small_island
	#impassable = yes
	resources={
		aluminium=9
		chromium=0
		oil=0
		rubber=0
		steel=50
		tungsten=15
		coal=210
	}

	history={
		victory_points = { 17166 1}
		victory_points = { 17631 2}
		victory_points = { 18673 2}
		
		owner = TUR
		buildings = {
			infrastructure = 1
			
			arms_factory = 0
			industrial_complex = 0
			
			17167 = {
				naval_base = 1
			}
			
		}
		add_core_of = TUR
	}

	provinces={
		16614 16765 16775 16940 17008 17068 17118 17127 17166 17167 17227 17249 17291 17304 17341 17348 17380 17404 17428 17434 17468 17474 17497 17508 17529 17546 17568 17620 17627 17631 17644 17659 17660 17678 17679 17694 17757 17765 17775 17776 17782 17816 17829 17876 17895 17923 17933 17943 17951 17957 17971 18022 18023 18056 18114 18122 18123 18124 18128 18133 18158 18185 18219 18226 18255 18306 18307 18318 18322 18323 18324 18337 18338 18366 18373 18416 18420 18454 18467 18478 18479 18490 18491 18501 18515 18544 18576 18577 18581 18582 18600 18603 18643 18644 18657 18664 18669 18673 18692 18736 18745 18746 18757 18758 18759 18763 18774 18782 18794 18811 18829 18856 18857 18858 18867 18876 18892 18894 18937 18945 18950 18951 18959 18960 18973 18989 18996 19009 19024 19028 19038 19039 19042 19048 19056 19062 19086 19099 19100 19118 19125 19131 19132 19133 19144 19145 19153 19159 19170 19180 19181 19204 19215 19216 19217 19236 19245 19255 19269 19270 19288 19301 19302 19312 19342 19345 19346 19354 19373 19379 19380 19391 19392 19422 19428 19429 19435 19445 19484 19485 19501 19502 19524 19531 19543 19550 19556 19560 19568 19585 19590 19593 19638 19655 19666 19673 19674 19675 19676 19702 19705 19706 19725 19756 19783 19790 19801 19823 19824 19825 19839 19852 19877 19878 
	}
	local_supplies=0.0 
}
