
state={
	id=265
	name="STATE_265"
	manpower = 945075
	
	state_category = small_island
	#impassable = yes
	resources={
		aluminium=0
		chromium=0
		oil=0
		rubber=0
		steel=0
		tungsten=0
		coal=0
	}

	history={
		victory_points = { 16522 1}
		victory_points = { 17614 1}
		victory_points = { 18390 11}
		
		owner = IRN
		buildings = {
			infrastructure = 1
			
			arms_factory = 0
			industrial_complex = 0
			
			
		}
		add_core_of = IRN
	}

	provinces={
		15601 15617 15618 15676 15710 15741 15756 15770 15771 15855 15899 15915 15941 15970 15978 15997 16023 16030 16031 16105 16106 16114 16186 16208 16231 16243 16266 16272 16316 16378 16385 16407 16436 16443 16492 16497 16522 16531 16532 16612 16640 16647 16659 16738 16760 16809 16829 16842 16849 16850 16863 16864 16865 16892 16893 16924 16999 17045 17055 17056 17079 17092 17104 17116 17146 17158 17164 17187 17238 17277 17323 17329 17333 17346 17366 17384 17402 17422 17433 17505 17520 17526 17527 17528 17543 17602 17613 17614 17635 17650 17682 17683 17725 17799 17814 17823 17824 17828 17846 17889 17892 17979 17984 18004 18018 18019 18029 18040 18055 18079 18104 18179 18180 18184 18195 18207 18215 18233 18247 18316 18320 18362 18381 18390 18439 18445 18514 18520 18587 18638 18660 
	}
	local_supplies=0.0 
}
