
state={
	id=269
	name="STATE_269"
	manpower = 279208
	
	state_category = small_island
	#impassable = yes
	resources={
		aluminium=7
		chromium=0
		oil=1
		rubber=0
		steel=12
		tungsten=0
		coal=0
	}

	history={
		victory_points = { 18881 1}
		victory_points = { 19321 1}
		
		owner = IRN
		buildings = {
			infrastructure = 1
			
			arms_factory = 0
			industrial_complex = 0
			
			
		}
		add_core_of = IRN
	}

	provinces={
		18266 18304 18363 18382 18421 18431 18440 18458 18489 18552 18563 18573 18591 18592 18597 18613 18655 18661 18662 18676 18695 18705 18709 18723 18730 18752 18766 18767 18780 18797 18815 18833 18847 18864 18873 18880 18881 18888 18897 18901 18907 18915 18949 18994 19013 19021 19032 19036 19037 19075 19078 19079 19095 19114 19115 19121 19123 19147 19148 19190 19192 19194 19197 19200 19212 19213 19220 19227 19249 19264 19265 19275 19309 19321 19322 19330 19333 19334 19336 19349 19352 19385 19415 19420 19427 19432 19433 19438 19459 19465 19479 19480 19493 19499 19500 19515 19540 19547 19583 19589 19591 19597 19598 19624 19646 19649 19650 19658 19659 19681 19692 19700 19709 19723 19738 19753 19759 19760 19766 19781 19793 19811 19822 19836 19843 19857 19862 19869 
	}
	local_supplies=0.0 
}
