
state={
	id=27
	name="STATE_27"
	manpower = 862627
	
	state_category = small_island
	#impassable = yes
	resources={
		aluminium=25
		chromium=0
		oil=13
		rubber=0
		steel=58
		tungsten=0
		coal=20
	}

	history={
		victory_points = { 1972 6}
		victory_points = { 2132 6}
		
		owner = EGY
		buildings = {
			infrastructure = 1
			
			arms_factory = 0
			industrial_complex = 0
			
			
		}
		add_core_of = EGY
	}

	provinces={
		382 460 477 612 631 743 786 861 880 883 915 939 941 948 961 981 988 993 1051 1069 1083 1109 1110 1156 1166 1167 1178 1207 1243 1275 1282 1288 1294 1300 1307 1331 1381 1415 1425 1441 1442 1443 1481 1494 1503 1522 1526 1527 1545 1550 1590 1610 1635 1645 1659 1663 1673 1680 1690 1695 1716 1759 1772 1783 1796 1802 1803 1816 1817 1869 1889 1894 1929 1939 1940 1952 1958 1972 1975 1976 1997 2067 2098 2108 2109 2122 2132 2161 2171 2177 2188 2194 2212 2213 2235 2299 2300 2352 2360 2365 2376 2384 2394 2397 2436 2459 2518 2519 2540 2582 2639 2666 2673 2680 2705 2706 2765 2773 2825 2843 2860 2874 2891 2912 2946 2997 2998 3021 3029 3053 3094 3095 3146 3147 3166 3177 3178 3259 3279 3287 3292 3315 3358 3375 3376 3386 3401 3435 3552 3558 3559 3560 3655 3656 3657 3684 3702 3729 3749 3759 3821 3879 3894 3913 3933 3960 4073 4122 4145 4203 4216 4326 4457 4560 
	}
	local_supplies=0.0 
}
