
state={
	id=274
	name="STATE_274"
	manpower = 408205
	
	state_category = small_island
	#impassable = yes
	resources={
		aluminium=11
		chromium=0
		oil=2
		rubber=5
		steel=12
		tungsten=35
		coal=0
	}

	history={

		owner = TUR
		buildings = {
			infrastructure = 1
			
			arms_factory = 0
			industrial_complex = 0
			
			16933 = {
				naval_base = 1
			}
			
		}
		add_core_of = TUR
	}

	provinces={
		16038 16095 16099 16157 16198 16215 16235 16254 16255 16267 16273 16274 16306 16311 16343 16351 16359 16395 16433 16447 16448 16465 16498 16524 16551 16552 16576 16594 16643 16644 16716 16728 16752 16753 16754 16788 16805 16811 16821 16853 16867 16868 16933 16971 16985 16991 17021 17022 17058 17084 17108 17109 17117 17125 17126 17176 17184 17240 17265 17273 17287 17290 17296 17303 17331 17339 17340 17386 17403 17427 17447 17456 17467 17473 17485 17503 17560 17567 17587 17617 17618 17619 17626 17630 17643 17687 17688 17712 17720 17742 17743 17780 17781 17801 17815 17849 17854 17868 17875 17915 17921 17922 17932 17942 17963 18006 18021 18074 18090 18095 18113 18127 18147 18157 18170 18218 18254 18280 18293 18294 18295 18312 18351 18352 18403 18404 18448 18453 18476 18477 18529 18538 18556 18557 18588 18620 18641 18679 18699 18718 18749 18762 18817 18828 18910 18911 18958 19051 19090 
	}
	local_supplies=0.0 
}
