
state={
	id=275
	name="STATE_275"
	manpower = 6146337
	
	state_category = megalopolis
	#impassable = yes
	resources={
		aluminium=0
		chromium=3
		oil=9
		rubber=0
		steel=6
		tungsten=5
		coal=0
	}

	history={
		victory_points = { 16490 70}
		victory_points = { 16888 7}
		victory_points = { 17012 49}
		victory_points = { 17362 70}
		
		owner = IRQ
		buildings = {
			infrastructure = 5
			
			arms_factory = 5
			industrial_complex = 7
			
			
		}
		add_core_of = IRQ
	}

	provinces={
		16072 16073 16087 16088 16089 16120 16127 16135 16136 16148 16154 16164 16173 16174 16175 16183 16184 16204 16219 16227 16228 16250 16269 16282 16287 16304 16326 16327 16340 16356 16374 16375 16389 16400 16401 16402 16412 16423 16477 16490 16501 16512 16518 16535 16536 16543 16544 16559 16567 16590 16591 16616 16636 16637 16639 16685 16686 16687 16701 16702 16707 16713 16718 16719 16724 16758 16772 16778 16785 16798 16802 16808 16819 16825 16839 16840 16858 16869 16872 16887 16888 16900 16907 16908 16916 16921 16922 16923 16931 16969 16980 16981 16982 16983 16988 16989 16994 16995 16996 16997 16998 17002 17003 17004 17005 17006 17011 17012 17015 17017 17025 17026 17034 17041 17053 17064 17065 17066 17072 17076 17077 17078 17088 17089 17105 17121 17122 17135 17136 17144 17145 17151 17152 17153 17155 17156 17162 17163 17172 17173 17174 17191 17206 17216 17217 17218 17224 17235 17236 17237 17244 17245 17254 17263 17275 17276 17283 17284 17285 17286 17294 17300 17301 17302 17310 17311 17312 17313 17321 17336 17344 17361 17362 17363 17364 17365 17374 17383 17391 17400 17412 17413 17421 17424 17425 17430 17431 17441 17442 17443 17457 17463 17471 17472 17480 17482 17483 17488 17489 17493 17494 17495 17518 17519 17533 17534 17535 17541 17551 17552 17558 17562 17563 17573 17580 17600 17611 17612 17624 17641 17648 17655 17656 17663 17692 17693 17702 17703 17710 17716 17717 17724 17733 17734 17736 17796 17797 17805 17820 17835 17844 17845 17857 17858 17883 17888 17891 17917 17937 17988 17995 18010 18058 18066 
	}
	local_supplies=0.0 
}
