
state={
	id=28
	name="STATE_28"
	manpower = 11791766
	
	state_category = megalopolis
	#impassable = yes
	resources={
		aluminium=0
		chromium=75
		oil=0
		rubber=0
		steel=0
		tungsten=8
		coal=0
	}

	history={
		victory_points = { 4541 103}
		victory_points = { 5203 103}
		victory_points = { 5427 103}
		victory_points = { 6129 72}
		
		owner = IRQ
		buildings = {
			infrastructure = 5
			
			arms_factory = 7
			industrial_complex = 5
			
			
		}
		add_core_of = IRQ
	}

	provinces={
		2979 3039 3077 3143 3173 3213 3219 3263 3309 3310 3320 3335 3345 3396 3412 3453 3458 3468 3484 3505 3516 3523 3564 3573 3574 3577 3603 3604 3661 3670 3677 3678 3709 3714 3723 3724 3764 3777 3801 3838 3850 3851 3859 3883 3890 3895 3909 3910 3915 3936 3947 4000 4001 4010 4015 4016 4037 4048 4049 4062 4070 4086 4087 4088 4098 4107 4137 4138 4139 4148 4149 4188 4189 4198 4210 4240 4241 4247 4255 4262 4273 4284 4291 4309 4323 4330 4331 4332 4341 4348 4381 4382 4408 4409 4419 4428 4429 4436 4437 4445 4464 4480 4495 4496 4506 4507 4519 4540 4541 4551 4559 4564 4596 4597 4598 4608 4619 4631 4640 4649 4653 4662 4663 4682 4692 4711 4712 4726 4732 4774 4775 4782 4783 4788 4789 4790 4791 4818 4819 4824 4836 4847 4848 4865 4885 4906 4907 4917 4918 4939 4940 4951 4952 4987 4988 4989 4997 5015 5016 5026 5027 5041 5048 5049 5055 5073 5084 5085 5086 5087 5093 5102 5110 5121 5131 5146 5157 5188 5201 5202 5203 5215 5242 5243 5250 5253 5254 5263 5264 5265 5277 5284 5285 5301 5309 5327 5347 5357 5358 5359 5370 5371 5378 5379 5388 5389 5413 5426 5427 5445 5454 5469 5476 5477 5478 5485 5486 5510 5528 5529 5551 5552 5555 5566 5572 5573 5574 5582 5583 5591 5592 5618 5627 5643 5644 5655 5665 5666 5667 5682 5691 5692 5710 5711 5731 5732 5733 5747 5758 5774 5775 5786 5807 5808 5809 5818 5837 5838 5842 5843 5854 5855 5860 5870 5871 5872 5891 5906 5926 5941 5952 5953 5954 5958 5959 5979 5980 5988 5996 6004 6005 6016 6028 6035 6036 6041 6042 6072 6093 6106 6107 6108 6109 6117 6128 6129 6130 6131 6141 6156 6166 6182 6188 6198 6199 6205 6223 6235 6252 6264 6265 6274 6283 6284 6285 6291 6299 6313 6314 6320 6328 6335 6350 6351 6359 6368 6369 6375 6376 6410 6421 6422 6429 6430 6438 6444 6468 6469 6481 6488 6489 6498 6518 6519 6520 6523 6564 6565 6574 6595 6596 6603 6604 6605 6606 6619 6635 6644 6673 6682 6689 6690 6700 6703 6704 6711 6736 6746 6747 6753 6765 6766 6776 6788 6799 6806 6807 6817 6855 6856 6863 6871 6872 6877 6883 6886 6891 6913 6914 6915 6934 6952 6967 6976 6982 6983 6984 7003 7019 7024 7059 7064 7065 7078 7079 7082 7083 7084 7098 7108 7114 7135 7161 7162 7171 7182 7195 7203 7204 7212 7224 7230 7231 7248 7265 7266 7278 7295 7306 7310 7311 7327 7350 7351 7368 7369 7382 7411 7417 7423 7438 7442 7451 7456 7478 7503 7512 7513 7543 7550 7561 7592 7613 7622 7623 7637 7662 7670 7671 7680 7712 7713 7767 7768 7777 7788 7793 7799 7800 7801 7825 7858 7868 7898 7915 7936 7946 7948 7965 7979 7980 7998 8009 8035 8077 8139 8140 8156 8187 8245 
	}
	local_supplies=0.0 
}
