
state={
	id=281
	name="STATE_281"
	manpower = 479824
	
	state_category = small_island
	#impassable = yes
	resources={
		aluminium=10
		chromium=7
		oil=2
		rubber=2
		steel=78
		tungsten=7
		coal=139
	}

	history={
		victory_points = { 17999 2}
		victory_points = { 18120 2}
		victory_points = { 18889 2}
		
		owner = TUR
		buildings = {
			infrastructure = 1
			
			arms_factory = 0
			industrial_complex = 0
			
			16233 = {
				naval_base = 1
			}
			
		}
		add_core_of = TUR
	}

	provinces={
		16233 16234 16342 16371 16379 16416 16432 16481 16485 16539 16562 16570 16605 16650 16662 16663 16695 16763 16764 16793 16866 16883 16895 16911 16918 16965 17037 17047 17048 17057 17107 17183 17194 17202 17221 17222 17248 17330 17378 17379 17396 17459 17466 17502 17507 17559 17583 17616 17664 17677 17685 17686 17729 17730 17756 17764 17773 17774 17786 17791 17865 17866 17867 17874 17894 17901 17908 17930 17931 17940 17941 17981 17992 17999 18000 18015 18020 18033 18081 18089 18106 18112 18119 18120 18121 18156 18176 18209 18210 18216 18217 18225 18235 18238 18253 18279 18292 18311 18317 18321 18336 18345 18365 18394 18397 18401 18402 18409 18419 18422 18433 18459 18466 18495 18496 18522 18523 18537 18547 18553 18566 18575 18580 18599 18608 18609 18616 18619 18633 18640 18656 18690 18691 18698 18706 18710 18717 18725 18735 18754 18755 18756 18769 18773 18785 18789 18799 18809 18810 18834 18835 18842 18849 18855 18866 18870 18882 18884 18889 18891 18908 18909 18920 18921 18922 18933 18936 18943 18944 18967 18977 18978 18982 18988 19003 19007 19008 19022 19023 19027 19033 19050 19061 19067 19081 19084 19085 19106 19107 19108 19117 19124 19140 19141 19158 19167 19168 19169 19175 19186 19189 19195 19198 19214 19222 19223 19229 19234 19235 19250 19254 19259 19266 19268 19276 19282 19291 19292 19307 19323 19324 19341 19357 19358 19359 19364 19365 19370 19378 19386 19387 19402 19410 19411 19412 19439 19440 19444 19455 19456 19466 19470 19474 19476 19481 19490 19495 19508 19509 19522 19530 19541 19542 19554 19555 19563 19567 19574 19575 19576 19584 19592 19599 19616 19620 19621 19622 19625 19630 19634 19647 19651 19652 19665 19682 19686 19690 19694 19701 19704 19710 19717 19732 19739 19745 19746 19747 19755 19761 19763 19773 19777 19778 19782 19799 19800 19805 19821 19827 19828 19838 19845 19846 19851 19858 19859 19863 
	}
	local_supplies=0.0 
}
