
state={
	id=29
	name="STATE_29"
	manpower = 3717651
	
	state_category = town
	#impassable = yes
	resources={
		aluminium=57
		chromium=6
		oil=0
		rubber=31
		steel=67
		tungsten=2
		coal=0
	}

	history={
		victory_points = { 8697 29}
		victory_points = { 8857 29}
		victory_points = { 9542 2}
		victory_points = { 10382 6}
		
		owner = IRN
		buildings = {
			infrastructure = 1
			
			arms_factory = 1
			industrial_complex = 2
			
			
		}
		add_core_of = IRN
	}

	provinces={
		6039 6134 6168 6295 6371 6414 6532 6568 6661 6741 6754 6897 6922 6991 7123 7174 7236 7292 7354 7360 7361 7444 7508 7576 7585 7586 7643 7657 7676 7718 7784 7791 7829 7830 7831 7839 7840 7878 7879 7931 7953 7987 8021 8060 8065 8086 8095 8117 8118 8119 8182 8213 8256 8271 8272 8294 8298 8319 8320 8327 8357 8442 8472 8473 8474 8490 8491 8492 8503 8516 8543 8573 8574 8575 8599 8607 8608 8627 8652 8670 8687 8694 8695 8696 8697 8720 8742 8753 8764 8774 8786 8792 8820 8821 8836 8857 8868 8869 8870 8901 8902 8930 8943 8950 8951 8957 8981 8984 8993 9002 9009 9028 9038 9045 9060 9072 9073 9115 9122 9123 9133 9148 9149 9159 9160 9161 9162 9173 9189 9190 9191 9202 9203 9244 9265 9273 9293 9294 9303 9311 9312 9313 9328 9329 9346 9351 9352 9375 9383 9384 9389 9395 9425 9434 9449 9458 9464 9481 9486 9503 9510 9511 9518 9530 9536 9542 9552 9559 9572 9580 9605 9621 9628 9629 9638 9639 9666 9699 9700 9705 9710 9711 9720 9721 9735 9736 9737 9753 9764 9780 9789 9811 9818 9827 9832 9833 9849 9870 9871 9884 9885 9926 9937 9940 9949 9959 9974 9981 9988 9999 10000 10001 10057 10058 10066 10079 10080 10092 10114 10140 10151 10158 10169 10170 10171 10179 10193 10194 10202 10203 10220 10252 10271 10278 10304 10325 10326 10342 10343 10366 10367 10373 10381 10382 10390 10413 10414 10415 10428 10467 10489 10492 10493 10501 10510 10529 10546 10556 10570 10571 10589 10590 10591 10621 10622 10623 10638 10639 10646 10653 10664 10675 10697 10749 10768 10775 10783 10784 10785 10793 10806 10807 10816 10833 10847 10848 10849 10876 10889 10890 10891 10898 10910 10911 10959 10972 10985 10986 11022 11036 11044 11045 11065 11097 11098 11107 11108 11123 11147 11148 11158 11237 11250 11261 11274 11292 11333 11334 11345 11379 11388 11408 11409 11423 11509 11520 11546 11562 11595 11635 11653 11658 11666 11724 11735 
	}
	local_supplies=0.0 
}
