
state={
	id=31
	name="STATE_31"
	manpower = 145493
	
	state_category = small_island
	#impassable = yes
	resources={
		aluminium=39
		chromium=0
		oil=2
		rubber=0
		steel=69
		tungsten=0
		coal=20
	}

	history={

		owner = IRN
		buildings = {
			infrastructure = 1
			
			arms_factory = 0
			industrial_complex = 0
			
			
		}
		add_core_of = IRN
	}

	provinces={
		17137 17220 17257 17278 17394 17395 17416 17465 17565 17575 17595 17604 17671 17672 17684 17727 17741 17753 17837 17838 17839 17848 17913 17919 17962 17980 17989 17990 18005 18013 18031 18069 18105 18110 18146 18168 18197 18222 18230 18249 18250 18251 18252 18267 18276 18277 18278 18335 18364 18372 18383 18408 18432 18441 18447 18452 18463 18464 18484 18485 18499 18500 18504 18521 18528 18536 18543 18574 18593 18602 18606 18607 18614 18615 18628 18650 18651 18677 18678 18683 18689 18700 18701 18724 18731 18732 18744 18753 18761 18768 18781 18806 18816 18826 18827 18841 18848 18854 18874 18875 18899 18942 18964 18966 18972 18976 18981 19002 19017 19026 19047 19049 19055 19096 19116 19130 19143 19150 19151 19152 19162 19165 19221 19228 19233 19258 19290 19298 19305 19306 19313 19344 19353 19377 19390 19409 19416 19421 19434 19443 19460 19507 19523 19528 19529 19548 19549 19553 19559 19572 19627 19628 19629 19654 19660 19661 19672 19689 19693 19730 19754 19767 19770 19771 19772 19776 19794 19814 19837 19844 19870 19876 
	}
	local_supplies=0.0 
}
