
state={
	id=32
	name="STATE_32"
	manpower = 352888
	
	state_category = small_island
	#impassable = yes
	resources={
		aluminium=19
		chromium=38
		oil=8
		rubber=0
		steel=0
		tungsten=0
		coal=0
	}

	history={
		victory_points = { 320 1}
		victory_points = { 1215 1}
		victory_points = { 1632 1}
		
		owner = SAU
		buildings = {
			infrastructure = 1
			
			arms_factory = 0
			industrial_complex = 0
			
			
		}
		add_core_of = SAU
	}

	provinces={
		195 223 259 320 336 370 387 397 425 429 452 468 496 500 515 532 554 574 587 588 596 597 598 616 633 683 684 688 694 701 707 712 726 727 748 761 822 826 827 828 837 851 864 877 907 908 927 956 957 966 983 984 1010 1031 1035 1040 1061 1062 1066 1090 1098 1099 1114 1122 1159 1183 1192 1208 1215 1216 1223 1224 1234 1258 1271 1341 1342 1350 1362 1370 1379 1380 1384 1389 1393 1394 1457 1466 1488 1496 1500 1517 1529 1530 1556 1559 1565 1575 1580 1632 1648 1655 1656 1661 1675 1681 1682 1683 1696 1712 1724 1725 1765 1786 1791 1820 1826 1827 1835 1849 1864 1903 1915 1930 1947 1948 1969 1991 1992 2008 2019 2035 2071 2072 2102 2106 2125 2136 2142 2199 2221 2247 2258 2266 2267 2337 2338 2347 2355 2366 2372 2429 2443 2463 2488 2497 2505 2529 2584 2591 2608 2615 2691 
	}
	local_supplies=0.0 
}
