
state={
	id=35
	name="STATE_35"
	manpower = 547310
	
	state_category = small_island
	#impassable = yes
	resources={
		aluminium=1
		chromium=2
		oil=0
		rubber=2
		steel=117
		tungsten=0
		coal=0
	}

	history={

		owner = SAU
		buildings = {
			infrastructure = 1
			
			arms_factory = 0
			industrial_complex = 0
			
			
		}
		add_core_of = SAU
	}

	provinces={
		455 466 467 491 503 504 514 537 548 550 564 584 585 586 614 615 624 632 638 639 642 648 650 654 663 664 668 674 676 686 687 700 722 731 735 736 739 775 776 782 783 795 802 817 818 862 863 868 869 870 876 899 906 916 919 926 933 940 942 964 965 972 989 1007 1008 1009 1023 1039 1044 1045 1070 1084 1086 1089 1111 1115 1117 1132 1138 1139 1149 1170 1182 1191 1213 1214 1222 1227 1242 1252 1257 1270 1289 1295 1308 1309 1349 1361 1378 1382 1383 1387 1409 1410 1411 1426 1427 1428 1451 1483 1495 1499 1504 1505 1506 1507 1523 1528 1564 1570 1579 1592 1596 1611 1612 1617 1636 1647 1654 1660 1669 1685 1692 1711 1723 1753 1777 1778 1784 1785 1790 1819 1833 1834 1842 1848 1857 1871 1875 1902 1909 1935 1941 1946 1999 2042 2056 2057 2063 2069 2080 2141 2180 2220 2336 2400 
	}
	local_supplies=0.0 
}
