
state={
	id=36
	name="STATE_36"
	manpower = 1782452
	
	state_category = rural
	#impassable = yes
	resources={
		aluminium=0
		chromium=8
		oil=26
		rubber=0
		steel=27
		tungsten=24
		coal=0
	}

	history={
		victory_points = { 1074 14}
		victory_points = { 1404 4}
		victory_points = { 1605 14}
		
		owner = SAU
		buildings = {
			infrastructure = 1
			
			arms_factory = 0
			industrial_complex = 1
			
			
		}
		add_core_of = SAU
	}

	provinces={
		815 834 903 917 936 952 1003 1020 1032 1033 1042 1048 1074 1101 1108 1113 1116 1118 1164 1185 1186 1188 1209 1210 1220 1225 1231 1237 1246 1255 1256 1260 1266 1273 1280 1281 1287 1290 1298 1299 1305 1312 1313 1319 1323 1324 1325 1326 1330 1334 1335 1336 1337 1354 1366 1367 1369 1373 1374 1385 1388 1390 1398 1399 1402 1403 1404 1417 1418 1419 1420 1421 1423 1430 1431 1432 1433 1439 1444 1453 1454 1472 1480 1485 1490 1491 1501 1513 1520 1521 1524 1525 1534 1538 1543 1544 1549 1554 1557 1561 1568 1571 1572 1577 1581 1582 1583 1587 1589 1601 1605 1606 1622 1623 1628 1629 1630 1644 1651 1652 1658 1662 1665 1666 1672 1679 1688 1694 1705 1708 1715 1719 1727 1731 1733 1734 1735 1762 1769 1771 1776 1799 1806 1845 1846 1860 1876 1877 1938 2016 2017 2022 2088 2119 2182 2241 2242 2323 2356 2405 2465 2544 
	}
	local_supplies=0.0 
}
