
state={
	id=40
	name="STATE_40"
	manpower = 5186419
	
	state_category = megalopolis
	#impassable = yes
	resources={
		aluminium=56
		chromium=2
		oil=0
		rubber=0
		steel=18
		tungsten=0
		coal=63
	}

	history={
		victory_points = { 1801 31}
		victory_points = { 2105 31}
		victory_points = { 2501 31}
		victory_points = { 2887 37}
		victory_points = { 3108 18}
		
		owner = OPU
		buildings = {
			infrastructure = 4
			air_base = 1
			arms_factory = 4
			industrial_complex = 4
			dockyard = 4
			2887 = {
				naval_base = 1
			}
			
		}
		add_core_of = OPU
	}

	provinces={
		1136 1141 1142 1143 1144 1145 1146 1147 1174 1189 1199 1203 1204 1211 1232 1239 1247 1261 1265 1267 1283 1314 1320 1327 1328 1338 1343 1344 1358 1368 1391 1396 1405 1422 1424 1450 1455 1456 1459 1473 1493 1498 1514 1535 1536 1539 1540 1569 1584 1598 1599 1607 1608 1615 1619 1631 1667 1689 1700 1706 1709 1720 1732 1736 1737 1741 1742 1743 1748 1754 1755 1756 1763 1782 1787 1788 1795 1801 1809 1810 1814 1823 1830 1831 1847 1852 1855 1856 1868 1872 1878 1882 1883 1893 1913 1914 1920 1921 1928 1934 1945 1949 1956 1966 1974 1980 1981 1995 2006 2032 2033 2034 2048 2049 2050 2077 2078 2085 2086 2087 2093 2105 2114 2115 2145 2146 2164 2165 2169 2187 2192 2193 2205 2210 2211 2217 2251 2272 2285 2298 2313 2314 2328 2329 2344 2345 2359 2364 2375 2392 2396 2407 2433 2434 2445 2450 2451 2467 2485 2492 2501 2515 2526 2538 2560 2561 2566 2567 2579 2580 2599 2605 2625 2633 2634 2638 2645 2664 2694 2695 2712 2713 2718 2726 2727 2742 2772 2793 2799 2800 2809 2810 2830 2836 2842 2865 2887 2917 2928 2929 2938 2944 2953 2967 2968 2983 3005 3027 3057 3073 3074 3093 3099 3108 3114 3115 3134 3175 3196 3201 3202 3215 3232 3270 3275 3276 3277 3330 3337 3399 3400 3408 3424 
	}
	local_supplies=0.0 
}
