
state={
	id=41
	name="STATE_41"
	manpower = 1395519
	
	state_category = small_island
	#impassable = yes
	resources={
		aluminium=24
		chromium=70
		oil=75
		rubber=0
		steel=17
		tungsten=8
		coal=103
	}

	history={
		victory_points = { 4558 6}
		victory_points = { 5039 7}
		victory_points = { 6262 7}
		
		owner = SAU
		buildings = {
			infrastructure = 1
			
			arms_factory = 0
			industrial_complex = 0
			
			
		}
		add_core_of = SAU
	}

	provinces={
		3980 4068 4114 4238 4244 4254 4271 4319 4378 4434 4479 4514 4515 4558 4563 4587 4616 4617 4691 4700 4724 4730 4773 4800 4801 4844 4898 4937 4959 4974 4980 4986 4994 5003 5023 5024 5039 5091 5098 5109 5128 5165 5176 5187 5197 5210 5211 5238 5239 5261 5275 5276 5300 5325 5344 5345 5367 5368 5386 5422 5423 5424 5433 5450 5467 5473 5495 5508 5547 5548 5564 5581 5589 5600 5614 5636 5652 5698 5730 5738 5744 5753 5754 5755 5765 5782 5791 5815 5835 5841 5850 5851 5868 5882 5890 5903 5931 5938 5950 5964 5993 5994 6002 6014 6024 6033 6034 6050 6051 6061 6062 6099 6123 6138 6139 6146 6153 6154 6165 6185 6186 6195 6210 6211 6220 6226 6261 6262 6271 6288 6325 6326 6332 6342 6343 6357 6364 6365 6366 6384 6396 6408 6419 6426 6452 6453 6463 6477 6478 6479 6486 6487 6505 6506 6528 6534 6550 6551 6561 6562 6572 6573 6593 6594 6600 6615 6616 6617 6648 6649 6664 6670 6671 6677 6697 6717 6718 6744 6745 6751 6752 6757 6758 6771 6772 6784 6785 6814 6831 6840 6848 6854 6862 6869 6880 6881 6885 6907 6908 6931 6948 6962 7001 7002 7018 7029 7042 7051 7052 7053 7063 7074 7095 7130 7131 7140 7145 7146 7158 7169 7188 7218 7219 7241 7263 7264 7271 7293 7303 7309 7315 7316 7331 7409 7410 7510 7519 7520 7531 7532 7556 7627 7686 7734 
	}
	local_supplies=0.0 
}
