
state={
	id=42
	name="STATE_42"
	manpower = 2934057
	
	state_category = large_town
	#impassable = yes
	resources={
		aluminium=0
		chromium=0
		oil=0
		rubber=1
		steel=4
		tungsten=0
		coal=0
	}

	history={

		owner = EGY
		buildings = {
			infrastructure = 2
			
			arms_factory = 3
			industrial_complex = 2
			
			
		}
		add_core_of = EGY
	}

	provinces={
		1516 1558 1603 1624 1643 1701 1702 1703 1707 1722 1739 1751 1752 1761 1773 1804 1818 1825 1832 1841 1853 1870 1885 1895 1901 1908 1959 1967 1968 1977 1978 1983 2026 2027 2028 2040 2052 2062 2099 2116 2117 2140 2148 2152 2153 2162 2178 2179 2189 2195 2207 2215 2216 2236 2246 2264 2273 2301 2306 2317 2318 2319 2331 2335 2353 2354 2361 2371 2380 2388 2398 2408 2417 2427 2442 2446 2452 2468 2486 2502 2507 2508 2509 2528 2541 2548 2551 2552 2563 2564 2590 2607 2614 2619 2626 2627 2640 2641 2652 2674 2690 2697 2698 2699 2707 2720 2730 2743 2751 2752 2753 2780 2802 2814 2819 2831 2838 2845 2854 2861 2862 2863 2875 2876 2888 2920 2930 2947 2959 2960 2969 2974 2981 3023 3024 3030 3034 3035 3036 3044 3054 3058 3065 3101 3109 3120 3121 3122 3135 3136 3148 3149 3150 3157 3167 3179 3186 3209 3217 3235 3246 3253 3254 3280 3281 3293 3298 3304 3305 3306 3331 3332 3351 3359 3360 3388 3389 3427 3437 3450 3456 3512 3533 3534 3561 3570 3595 3618 3658 3705 
	}
	local_supplies=0.0 
}
