
state={
	id=45
	name="STATE_45"
	manpower = 2025063
	
	state_category = pastoral
	#impassable = yes
	resources={
		aluminium=53
		chromium=0
		oil=27
		rubber=0
		steel=60
		tungsten=1
		coal=105
	}

	history={
		victory_points = { 2233 27}
		victory_points = { 2762 3}
		victory_points = { 5681 1}
		
		owner = SAU
		buildings = {
			infrastructure = 1
			
			arms_factory = 0
			industrial_complex = 1
			
			
		}
		add_core_of = SAU
	}

	provinces={
		1618 1637 1650 1670 1676 1677 1704 1729 1766 1767 1792 1843 1850 1866 1925 1936 1953 1954 1960 2043 2044 2065 2073 2074 2103 2104 2126 2127 2163 2167 2233 2244 2248 2252 2268 2274 2275 2289 2322 2348 2362 2367 2368 2402 2419 2420 2421 2439 2454 2475 2481 2495 2510 2511 2530 2531 2532 2554 2555 2565 2602 2609 2616 2631 2636 2643 2660 2684 2685 2686 2692 2708 2746 2747 2748 2754 2762 2805 2828 2833 2848 2857 2866 2867 2868 2869 2894 2901 2923 2941 2948 2955 2956 2970 2986 2992 3006 3016 3017 3032 3038 3067 3068 3069 3083 3090 3117 3124 3153 3159 3170 3171 3172 3182 3211 3224 3257 3266 3267 3271 3288 3300 3307 3308 3326 3334 3339 3343 3344 3362 3405 3411 3464 3465 3503 3504 3521 3538 3539 3540 3554 3563 3597 3601 3612 3613 3620 3621 3669 3676 3685 3736 3763 3784 3785 3799 3800 3810 3816 3836 3849 3868 3874 3882 3889 3908 3930 3931 3946 3954 3986 4025 4034 4035 4036 4047 4061 4069 4080 4081 4097 4184 4185 4186 4224 4239 4245 4279 4280 4281 4290 4320 4321 4360 4361 4418 4435 4459 4491 4516 4517 4525 4537 4538 4575 4576 4588 4618 4638 4660 4681 4725 4731 4743 4787 4806 4807 4808 4816 4832 4859 4875 4899 4905 4926 4948 4975 4981 4995 4996 5040 5060 5061 5118 5119 5129 5145 5198 5199 5212 5235 5249 5267 5320 5335 5397 5398 5411 5425 5434 5451 5452 5461 5468 5496 5527 5590 5637 5653 5681 5708 5709 5739 5766 5783 5784 5792 5816 5830 5852 5874 5904 5915 5965 5986 5995 6025 6052 6063 6100 6101 6114 6124 6125 6173 6174 6221 6239 6249 6281 6309 6310 6349 6358 6397 6420 6434 6454 6496 6507 6522 6580 6650 6687 6698 6797 6824 6832 6949 6974 7054 7175 
	}
	local_supplies=0.0 
}
