
state={
	id=46
	name="STATE_46"
	manpower = 20228979
	
	state_category = megalopolis
	#impassable = yes
	resources={
		aluminium=53
		chromium=1
		oil=56
		rubber=0
		steel=48
		tungsten=5
		coal=167
	}

	history={

		owner = IRQ
		buildings = {
			infrastructure = 5
			air_base = 1
			arms_factory = 6
			industrial_complex = 6
			
			
		}
		add_core_of = IRQ
	}

	provinces={
		1781 1794 1800 1807 1808 1813 1822 1829 1837 1838 1851 1861 1862 1863 1880 1881 1887 1888 1890 1891 1892 1905 1906 1907 1916 1917 1918 1919 1932 1933 1943 1944 1955 1963 1964 1965 1970 1971 1973 1979 1985 1986 1987 1988 1994 2004 2005 2023 2030 2031 2036 2037 2045 2046 2047 2054 2055 2060 2066 2076 2083 2084 2089 2090 2091 2092 2097 2100 2101 2112 2113 2120 2121 2130 2131 2138 2144 2158 2159 2160 2168 2173 2174 2183 2184 2185 2186 2203 2204 2208 2209 2222 2223 2229 2230 2231 2232 2234 2243 2245 2249 2250 2262 2270 2271 2278 2279 2280 2283 2284 2291 2295 2296 2304 2309 2310 2311 2312 2324 2325 2326 2327 2332 2340 2341 2342 2343 2350 2357 2358 2373 2374 2379 2382 2383 2391 2395 2406 2412 2413 2414 2415 2416 2423 2424 2425 2431 2432 2440 2441 2444 2448 2449 2456 2457 2466 2471 2472 2477 2478 2479 2480 2484 2490 2496 2499 2500 2513 2525 2534 2535 2536 2537 2545 2546 2547 2549 2557 2558 2570 2571 2578 2586 2587 2588 2595 2596 2597 2600 2601 2603 2604 2611 2612 2618 2623 2624 2632 2637 2644 2649 2650 2657 2662 2663 2671 2676 2677 2678 2679 2687 2688 2689 2702 2709 2710 2711 2717 2723 2724 2725 2733 2734 2735 2740 2741 2758 2763 2764 2768 2769 2770 2771 2775 2778 2779 2784 2785 2788 2789 2790 2791 2792 2797 2798 2808 2816 2817 2823 2824 2829 2850 2851 2852 2858 2864 2872 2882 2883 2884 2895 2896 2897 2898 2899 2902 2905 2906 2907 2908 2916 2918 2919 2926 2927 2933 2934 2935 2936 2937 2943 2950 2951 2952 2958 2962 2963 2964 2965 2966 2971 2982 2988 2994 2995 2996 3003 3008 3014 3018 3019 3020 3033 3040 3041 3042 3048 3049 3050 3051 3061 3062 3063 3064 3070 3071 3072 3078 3079 3085 3086 3092 3104 3106 3107 3112 3113 3126 3127 3128 3129 3144 3145 3154 3155 3156 3161 3162 3163 3164 3165 3174 3192 3193 3194 3195 3199 3200 3208 3220 3221 3228 3229 3230 3231 3236 3242 3243 3247 3248 3264 3268 3269 3273 3274 3286 3289 3290 3295 3296 3301 3302 3311 3312 3313 3321 3322 3328 3329 3336 3340 3346 3353 3354 3355 3356 3363 3364 3371 3372 3373 3390 3391 3397 3398 3406 3413 3414 3415 3423 3428 3429 3430 3431 3454 3459 3460 3469 3470 3475 3476 3485 3486 3487 3488 3489 3506 3507 3508 3517 3518 3524 3525 3526 3527 3542 3549 3550 3551 3555 3556 3565 3582 3583 3584 3592 3593 3598 3614 3615 3616 3622 3626 3627 3628 3634 3635 3636 3643 3644 3645 3652 3653 3662 3663 3671 3672 3679 3680 3681 3686 3687 3697 3698 3725 3726 3733 3734 3735 3737 3744 3753 3754 3755 3765 3766 3767 3778 3779 3780 3781 3788 3789 3802 3803 3804 3811 3817 3825 3826 3839 3860 3861 3862 3876 3877 3884 3885 3896 3897 3898 3899 3911 3916 3917 3921 3922 3923 3941 3942 3943 3944 3948 3956 3967 3988 3989 3990 3991 4002 4011 4017 4018 4026 4027 4028 4029 4038 4039 4040 4063 4064 4071 4075 4076 4077 4082 4089 4090 4099 4108 4109 4110 4125 4130 4131 4140 4141 4142 4150 4164 4165 4173 4174 4190 4199 4211 4212 4213 4220 4225 4226 4227 4242 4248 4249 4256 4257 4263 4264 4265 4274 4275 4276 4277 4285 4296 4302 4310 4324 4333 4342 4349 4363 4364 4365 4383 4384 4392 4393 4394 4395 4402 4403 4404 4410 4411 4420 4421 4446 4453 4454 4470 4481 4482 4492 4493 4497 4520 4521 4522 4526 4542 4543 4544 4545 4552 4553 4565 4566 4567 4568 4580 4589 4599 4609 4610 4611 4620 4621 4632 4664 4683 4684 4685 4693 4694 4695 4702 4713 4714 4715 4727 4728 4733 4744 4745 4748 4749 4765 4766 4767 4792 4802 4820 4821 4825 4826 4827 4837 4849 4860 4866 4867 4868 4876 4886 4908 4927 4928 4929 4941 4942 4943 4953 4954 4960 4961 4962 4971 4976 4982 4998 5004 5005 5028 5042 5050 5051 5056 5063 5074 5075 5094 5132 5133 5134 5147 5158 5177 5178 5189 5190 5191 5216 5255 5256 5269 5286 5294 5302 5303 5310 5321 5336 5348 5360 5361 5380 5414 5415 5428 5446 5462 5463 5479 5487 5498 5511 5521 5530 5542 5593 5602 5603 5604 5619 5620 5628 5629 5639 5645 5656 5683 5701 5719 5720 5740 5768 5776 5777 5794 5795 5819 5820 5844 5845 5846 5884 5885 5892 5907 5908 5909 5917 5918 5942 5981 5989 5997 6006 6007 6017 6018 6037 6065 6066 6073 6074 6094 6095 6110 6118 6148 6157 6167 6183 6189 6190 6214 6227 6237 6240 6241 6253 6266 6286 6287 6329 6336 6360 6370 6377 6391 6406 6412 6432 6445 6464 6499 6509 6542 6543 6544 6545 6587 6608 6629 6637 6638 6683 6692 6693 6705 6726 6739 6789 6790 6801 6818 6829 6835 6838 6857 6917 6942 6943 6953 6954 6969 6977 
	}
	local_supplies=0.0 
}
