
state={
	id=47
	name="STATE_47"
	manpower = 1090996
	
	state_category = pastoral
	#impassable = yes
	resources={
		aluminium=26
		chromium=0
		oil=0
		rubber=0
		steel=53
		tungsten=14
		coal=117
	}

	history={
		victory_points = { 2041 8}
		victory_points = { 2287 8}
		
		owner = JOR
		buildings = {
			infrastructure = 1
			
			arms_factory = 1
			industrial_complex = 0
			
			
		}
		add_core_of = JOR
	}

	provinces={
		1984 2013 2029 2041 2064 2068 2095 2124 2134 2154 2196 2197 2219 2237 2238 2239 2257 2265 2277 2287 2292 2293 2307 2381 2389 2399 2428 2438 2447 2460 2461 2469 2487 2494 2503 2504 2568 2572 2621 2628 2629 2653 2654 2667 2681 2682 2744 2760 2774 2787 2796 2803 2826 2832 2846 2855 2913 2914 2921 2939 2940 2976 2985 3001 3037 3046 3059 3066 3075 3076 3081 3082 3110 3123 3141 3152 3168 3180 3188 3197 3206 3210 3223 3238 3255 3260 3261 3265 3283 3284 3299 3317 3333 3341 3403 3410 3419 3420 3438 3446 3447 3451 3452 3457 3474 3494 3502 3514 3546 3580 3611 3630 3631 3632 3650 3675 3694 3707 3721 3731 3807 3808 3814 3822 3823 3833 3847 3858 3881 3929 3971 3985 3998 4007 4014 4022 4096 4106 4113 4129 4146 4161 4217 4218 4219 4223 4235 4268 
	}
	local_supplies=0.0 
}
