
state={
	id=50
	name="STATE_50"
	manpower = 5932708
	
	state_category = megalopolis
	#impassable = yes
	resources={
		aluminium=0
		chromium=19
		oil=8
		rubber=0
		steel=13
		tungsten=42
		coal=0
	}

	history={
		victory_points = { 3233 47}
		victory_points = { 3478 4}
		victory_points = { 3969 70}
		victory_points = { 5289 70}
		
		owner = IRQ
		buildings = {
			infrastructure = 5
			
			arms_factory = 2
			industrial_complex = 7
			dockyard = 3
			3314 = {
				naval_base = 1
			}
			
		}
		add_core_of = IRQ
	}

	provinces={
		1989 2061 2175 2191 2297 2351 2386 2426 2491 2514 2559 2598 2613 2658 2703 2736 2759 2776 2859 2885 2886 2903 2980 2989 3004 3043 3097 3098 3118 3138 3204 3205 3214 3233 3244 3249 3250 3278 3297 3314 3323 3324 3338 3347 3348 3357 3365 3374 3382 3407 3416 3432 3441 3442 3461 3471 3472 3477 3478 3496 3497 3498 3509 3519 3528 3529 3543 3544 3566 3575 3578 3585 3586 3587 3599 3605 3606 3617 3637 3664 3682 3683 3688 3689 3690 3699 3700 3715 3716 3738 3741 3745 3756 3768 3769 3770 3771 3790 3818 3840 3841 3842 3843 3852 3853 3854 3878 3900 3912 3924 3925 3937 3949 3957 3968 3969 3972 3981 3992 3993 3994 4003 4050 4051 4052 4065 4091 4092 4100 4101 4111 4119 4120 4126 4151 4152 4153 4154 4166 4191 4192 4193 4200 4214 4221 4258 4266 4286 4292 4293 4297 4298 4311 4325 4343 4344 4366 4371 4385 4386 4405 4422 4430 4438 4456 4467 4471 4483 4498 4499 4508 4509 4510 4527 4528 4570 4571 4634 4635 4650 4673 4674 4686 4705 4752 4753 4776 4785 4809 4828 4829 4838 4850 4870 4889 4920 4956 4965 4966 4967 4990 5018 5058 5064 5088 5104 5105 5135 5160 5179 5192 5228 5257 5272 5288 5289 5322 5323 5324 5373 5395 5416 5417 5455 5501 5502 5514 5515 5532 5606 5660 5685 5693 5714 5760 5810 5811 5863 5911 5934 5960 5971 5999 6083 6097 6120 
	}
	local_supplies=0.0 
}
