
state={
	id=56
	name="STATE_56"
	manpower = 2362957
	
	state_category = town
	#impassable = yes
	resources={
		aluminium=9
		chromium=0
		oil=0
		rubber=117
		steel=30
		tungsten=0
		coal=76
	}

	history={
		victory_points = { 3510 9}
		victory_points = { 4593 8}
		victory_points = { 5623 21}
		victory_points = { 5717 8}
		
		owner = EGY
		buildings = {
			infrastructure = 1
			
			arms_factory = 0
			industrial_complex = 4
			
			6373 = {
				naval_base = 1
			}
			
		}
		add_core_of = EGY
	}

	provinces={
		3510 3553 3692 3750 3792 3870 3903 3919 3961 4012 4013 4020 4043 4054 4078 4112 4169 4175 4204 4232 4243 4278 4287 4304 4314 4327 4352 4369 4414 4425 4426 4431 4472 4500 4501 4531 4556 4582 4583 4593 4624 4625 4655 4688 4716 4736 4737 4746 4756 4794 4835 4841 4854 4855 4877 4891 4901 4922 4923 4933 4934 4977 5020 5036 5037 5095 5107 5113 5114 5115 5148 5183 5194 5231 5232 5251 5296 5304 5314 5315 5316 5317 5339 5353 5375 5383 5406 5438 5470 5491 5516 5523 5524 5525 5534 5535 5536 5586 5587 5623 5624 5671 5678 5694 5716 5717 5718 5724 5725 5735 5736 5749 5750 5751 5824 5839 5848 5879 5912 5913 5921 5922 5923 5937 5945 5946 5972 5983 6056 6067 6068 6077 6078 6085 6150 6169 6181 6207 6229 6230 6268 6296 6297 6307 6347 6355 6362 6373 6380 6381 6393 6394 6449 6474 6475 6540 6559 6576 6577 6590 6632 6668 6709 6722 6750 
	}
	local_supplies=0.0 
}
