
state={
	id=6
	name="STATE_6"
	manpower = 569559
	
	state_category = small_island
	#impassable = yes
	resources={
		aluminium=0
		chromium=0
		oil=0
		rubber=0
		steel=59
		tungsten=2
		coal=135
	}

	history={
		victory_points = { 15017 2}
		victory_points = { 15343 2}
		victory_points = { 16083 2}
		
		owner = IRN
		buildings = {
			infrastructure = 1
			
			arms_factory = 0
			industrial_complex = 0
			
			
		}
		add_core_of = IRN
	}

	provinces={
		14714 14715 14816 14878 14879 14930 14943 15017 15063 15076 15089 15114 15159 15175 15198 15212 15218 15227 15263 15293 15306 15323 15342 15343 15360 15361 15368 15377 15378 15392 15393 15403 15413 15437 15438 15467 15484 15485 15501 15510 15511 15539 15540 15560 15572 15602 15625 15636 15637 15677 15678 15697 15705 15725 15742 15743 15772 15784 15792 15827 15859 15860 15861 15894 15900 15904 15942 15943 15971 15972 15998 16019 16024 16032 16058 16059 16083 16093 16094 16107 16139 16167 16168 16179 16193 16197 16213 16222 16244 16284 16291 16309 16358 16386 16394 16408 16437 16444 16445 16463 16479 16484 16549 16575 16603 16604 16621 16630 16642 16648 16671 16681 16694 16739 16761 16774 16810 16820 16843 16851 16875 16877 16894 16925 16926 16945 16954 16955 17019 17036 17046 17082 17083 17093 17094 17097 17123 17182 17208 17209 17219 17239 17247 17264 17295 17315 17393 17426 17506 17512 17544 17574 17726 17751 17752 17790 
	}
	local_supplies=0.0 
}
