
state={
	id=61
	name="STATE_61"
	manpower = 15941853
	
	state_category = megalopolis
	#impassable = yes
	resources={
		aluminium=0
		chromium=33
		oil=8
		rubber=6
		steel=15
		tungsten=12
		coal=102
	}

	history={

		owner = IRQ
		buildings = {
			infrastructure = 5
			
			arms_factory = 6
			industrial_complex = 6
			
			
		}
		add_core_of = IRQ
	}

	provinces={
		4539 4661 4701 4710 4781 4846 4864 4884 4938 4950 5014 5025 5062 5100 5101 5120 5151 5156 5166 5200 5241 5262 5268 5292 5293 5326 5346 5369 5399 5412 5435 5443 5444 5475 5483 5484 5497 5550 5554 5565 5601 5615 5616 5617 5638 5642 5659 5674 5700 5746 5756 5757 5767 5773 5785 5793 5803 5817 5836 5853 5859 5869 5875 5883 5916 5925 5932 5939 5940 5951 5966 5967 5976 5977 5978 5987 6015 6053 6059 6064 6071 6080 6090 6091 6092 6103 6104 6105 6115 6116 6126 6127 6140 6147 6155 6187 6196 6197 6212 6213 6222 6234 6250 6251 6263 6272 6273 6282 6289 6290 6292 6311 6312 6327 6333 6334 6344 6367 6374 6385 6389 6390 6398 6399 6400 6409 6427 6428 6435 6436 6437 6455 6456 6457 6466 6467 6480 6497 6517 6529 6530 6535 6536 6537 6552 6553 6555 6556 6563 6581 6582 6583 6584 6601 6602 6618 6624 6641 6642 6643 6651 6652 6656 6657 6658 6659 6665 6666 6672 6678 6679 6680 6681 6688 6699 6702 6710 6724 6725 6733 6734 6735 6759 6764 6773 6774 6775 6786 6787 6798 6805 6815 6816 6825 6826 6827 6828 6833 6834 6837 6841 6842 6849 6850 6870 6876 6882 6889 6890 6902 6903 6909 6910 6911 6912 6926 6932 6933 6939 6940 6941 6950 6951 6963 6964 6965 6966 6975 6980 6981 6988 6995 6996 7009 7022 7023 7030 7036 7037 7043 7056 7057 7058 7069 7070 7075 7076 7077 7081 7096 7097 7105 7106 7107 7125 7126 7132 7133 7134 7141 7153 7160 7170 7176 7181 7191 7192 7193 7194 7200 7201 7202 7210 7211 7222 7223 7229 7246 7247 7253 7254 7255 7272 7273 7276 7277 7281 7282 7283 7284 7294 7304 7305 7320 7321 7325 7326 7333 7348 7349 7366 7367 7380 7381 7388 7389 7390 7405 7414 7415 7416 7421 7422 7430 7436 7437 7448 7449 7450 7454 7455 7461 7462 7463 7474 7475 7476 7477 7483 7495 7500 7501 7502 7511 7521 7522 7523 7533 7542 7558 7559 7560 7566 7567 7574 7575 7580 7581 7582 7589 7590 7591 7599 7600 7601 7620 7621 7630 7631 7649 7650 7654 7655 7660 7661 7668 7669 7679 7689 7690 7691 7699 7700 7705 7710 7711 7721 7729 7736 7744 7745 7752 7753 7756 7757 7758 7764 7765 7766 7775 7776 7787 7792 7798 7809 7810 7811 7812 7813 7822 7823 7824 7835 7845 7846 7856 7857 7867 7882 7903 7904 7909 7910 7911 7912 7913 7914 7922 7923 7924 7929 7933 7934 7935 7945 7957 7964 7970 7971 7997 8001 8005 8006 8017 8029 8044 8045 8054 8055 8056 8057 8062 8066 8067 8074 8075 8076 8083 8092 8093 8101 8112 8113 8126 8137 8138 8147 8155 8163 8174 8175 8176 8193 8194 8202 8203 8218 8219 8220 8229 8236 8237 8242 8243 8252 8253 8261 8262 8266 8280 8281 8282 8304 8310 8317 8325 8335 8342 8343 8344 8345 8355 8369 8375 8376 8377 8378 8392 8393 8401 8410 8420 8429 8438 8439 8452 8453 8477 8478 8479 8485 8486 8497 8507 8513 8514 8520 8521 8522 8529 8539 8561 8562 8563 8570 8579 8589 8596 8605 8606 8614 8621 8622 8623 8632 8646 8656 8663 8664 8665 8675 8676 8685 8686 8692 8701 8709 8726 8727 8739 8759 8760 8761 8769 8782 8789 8796 8801 8808 8815 8816 8817 8827 8828 8833 8834 8835 8843 8853 8854 8855 8866 8881 8911 8917 8918 8938 8939 8948 8958 8971 8972 8978 8991 9007 9014 9015 9020 9035 9036 9049 9070 9077 9111 9119 9120 9135 9145 9146 9154 9155 9168 9210 9240 9241 9254 9255 9280 9281 9282 9291 9292 9309 9334 9354 9388 9404 9412 9421 9431 9444 9457 9460 9499 9526 9557 9566 9578 9586 9587 9593 9600 9647 9658 9659 9678 9697 9709 9745 9757 9763 9773 9792 9805 9806 9824 9839 9877 9878 9935 9945 9955 9962 9971 10006 10019 10112 10137 10138 10259 10269 10285 10434 
	}
	local_supplies=0.0 
}
