
state={
	id=69
	name="STATE_69"
	manpower = 2408158
	
	state_category = rural
	#impassable = yes
	resources={
		aluminium=29
		chromium=56
		oil=72
		rubber=0
		steel=7
		tungsten=42
		coal=21
	}

	history={
		victory_points = { 4648 18}
		victory_points = { 7041 3}
		victory_points = { 8506 18}
		
		owner = JOR
		buildings = {
			infrastructure = 1
			
			arms_factory = 0
			industrial_complex = 1
			
			
		}
		add_core_of = JOR
	}

	provinces={
		3448 3547 3571 3659 3732 3740 3815 3834 3848 3867 3873 3962 3963 3979 4023 4024 4045 4079 4135 4147 4162 4207 4208 4236 4237 4261 4269 4317 4318 4340 4347 4359 4401 4417 4433 4442 4458 4463 4476 4477 4490 4536 4605 4629 4648 4651 4659 4680 4708 4722 4741 4764 4805 4830 4831 4858 4861 4915 4970 4985 4993 5022 5059 5071 5083 5144 5154 5155 5209 5260 5274 5283 5298 5299 5432 5459 5460 5520 5541 5545 5546 5599 5664 5737 5743 5764 5858 5867 5881 5930 6023 6032 6058 6145 6164 6194 6219 6260 6319 6404 6405 6516 6533 6634 6640 6732 6756 6770 6813 6822 6823 6861 6879 6925 6938 6979 7000 7017 7028 7041 7048 7049 7050 7093 7094 7103 7118 7119 7129 7157 7180 7240 7245 7274 7275 7289 7300 7301 7302 7344 7345 7346 7364 7365 7379 7386 7404 7413 7435 7459 7469 7470 7471 7529 7530 7537 7541 7555 7565 7572 7597 7610 7617 7618 7648 7652 7666 7667 7685 7694 7695 7726 7732 7733 7781 7782 7806 7817 7834 7888 7889 7894 7895 7902 7907 7908 7928 7940 7954 7967 7988 7995 8024 8050 8051 8072 8100 8109 8124 8134 8142 8153 8166 8171 8172 8183 8198 8199 8207 8235 8285 8314 8322 8332 8333 8340 8352 8359 8373 8381 8382 8409 8447 8465 8500 8506 8528 8568 8602 8610 8611 8618 8638 8644 8655 8673 8683 8690 8706 8799 8800 8807 8813 8846 8847 8863 8873 8910 8932 8969 8983 8988 9012 9019 9056 9066 9088 9095 9107 9129 9139 9175 9206 9277 9278 9288 9307 9341 9368 9369 9399 9400 9474 9519 9524 9545 9592 9607 9617 9633 9729 9768 9783 9838 9910 9931 10133 10143 10189 10336 10451 
	}
	local_supplies=0.0 
}
