
state={
	id=71
	name="STATE_71"
	manpower = 2059560
	
	state_category = rural
	#impassable = yes
	resources={
		aluminium=0
		chromium=0
		oil=5
		rubber=23
		steel=1
		tungsten=21
		coal=73
	}

	history={

		owner = IRN
		buildings = {
			infrastructure = 1
			air_base = 1
			arms_factory = 0
			industrial_complex = 1
			dockyard = 1
			3480 = {
				naval_base = 1
			}
			
		}
		add_core_of = IRN
	}

	provinces={
		3216 3251 3366 3383 3384 3392 3409 3433 3479 3480 3490 3499 3567 3623 3629 3638 3646 3647 3673 3691 3701 3717 3727 3746 3757 3758 3805 3819 3827 3844 3855 3863 3864 3891 3892 3901 3932 3938 3973 3982 4004 4019 4030 4031 4041 4066 4083 4093 4102 4103 4104 4116 4143 4167 4194 4201 4202 4228 4229 4230 4231 4250 4251 4294 4312 4313 4345 4350 4372 4387 4388 4396 4397 4406 4423 4424 4439 4440 4447 4484 4485 4511 4512 4547 4554 4581 4592 4601 4623 4636 4642 4643 4666 4667 4668 4675 4696 4697 4734 4735 4754 4769 4777 4786 4810 4833 4834 4839 4851 4852 4853 4890 4910 4911 4921 4931 4932 4972 4991 5007 5008 5035 5045 5046 5079 5080 5106 5112 5137 5138 5161 5162 5180 5193 5229 5230 5245 5279 5295 5313 5329 5338 5352 5363 5364 5374 5382 5396 5403 5404 5456 5480 5489 5522 5533 5576 5577 5584 5607 5608 5609 5622 5632 5640 5649 5650 5657 5669 5670 5723 5806 5833 5834 5847 5856 5866 5886 5898 5935 5936 6001 6043 6075 6076 6098 6121 6137 6143 6163 6247 6305 6306 6321 6339 6354 6387 6388 6416 6492 6493 6548 6589 6631 6675 
	}
	local_supplies=0.0 
}
