
state={
	id=72
	name="STATE_72"
	manpower = 7612285
	
	state_category = megalopolis
	#impassable = yes
	resources={
		aluminium=4
		chromium=0
		oil=0
		rubber=7
		steel=8
		tungsten=15
		coal=0
	}

	history={

		owner = EGY
		buildings = {
			infrastructure = 5
			
			arms_factory = 3
			industrial_complex = 4
			dockyard = 5
			6044 = {
				naval_base = 1
			}
			
		}
		add_core_of = EGY
	}

	provinces={
		3377 3378 3387 3402 3426 3436 3443 3444 3473 3482 3491 3492 3493 3511 3530 3531 3532 3535 3568 3569 3576 3579 3588 3589 3607 3608 3609 3641 3642 3648 3666 3667 3693 3703 3704 3706 3711 3712 3719 3720 3730 3739 3742 3760 3772 3773 3774 3793 3794 3795 3796 3806 3812 3813 3829 3830 3831 3845 3846 3856 3857 3866 3871 3872 3887 3904 3905 3906 3927 3934 3939 3950 3970 3974 3975 3976 3977 3978 3983 3995 3996 4005 4006 4021 4032 4044 4055 4056 4057 4058 4074 4084 4094 4127 4128 4132 4133 4134 4155 4156 4157 4158 4170 4176 4177 4178 4183 4196 4197 4205 4222 4233 4260 4267 4288 4289 4299 4305 4306 4307 4308 4328 4334 4335 4336 4346 4353 4370 4373 4374 4375 4389 4399 4400 4407 4427 4441 4460 4473 4486 4487 4494 4502 4503 4504 4505 4513 4532 4533 4534 4548 4557 4561 4562 4573 4574 4584 4585 4594 4612 4613 4645 4656 4657 4669 4670 4676 4677 4678 4698 4707 4717 4718 4729 4738 4739 4757 4758 4759 4760 4771 4778 4795 4803 4804 4812 4813 4842 4843 4874 4878 4879 4892 4893 4894 4895 4902 4912 4913 4924 4925 4935 4945 4957 4978 4979 4983 4984 4999 5010 5011 5012 5021 5031 5032 5053 5066 5067 5068 5069 5070 5108 5116 5124 5125 5126 5140 5141 5164 5173 5184 5185 5186 5195 5205 5206 5207 5222 5223 5224 5233 5246 5252 5258 5281 5290 5297 5305 5306 5307 5318 5330 5331 5332 5340 5354 5365 5366 5376 5377 5384 5391 5392 5393 5431 5439 5440 5448 5449 5457 5471 5481 5482 5492 5493 5503 5504 5505 5517 5518 5519 5537 5538 5539 5560 5561 5595 5596 5610 5611 5612 5633 5634 5641 5651 5661 5679 5680 5687 5695 5696 5704 5706 5726 5727 5752 5761 5762 5798 5799 5800 5813 5825 5826 5857 5873 5880 5899 5900 5924 5947 5948 5984 6011 6044 6045 6046 6151 
	}
	local_supplies=0.0 
}
