
state={
	id=76
	name="STATE_76"
	manpower = 1075191
	
	state_category = pastoral
	#impassable = yes
	resources={
		aluminium=0
		chromium=1
		oil=0
		rubber=0
		steel=7
		tungsten=0
		coal=0
	}

	history={

		owner = TUR
		buildings = {
			infrastructure = 1
			air_base = 1
			arms_factory = 1
			industrial_complex = 0
			
			
		}
		add_core_of = TUR
	}

	provinces={
		17305 17335 17351 17352 17448 17449 17461 17469 17476 17514 17536 17548 17569 17578 17589 17598 17607 17689 17690 17695 17696 17705 17706 17714 17723 17770 17784 17802 17810 17817 17830 17850 17860 17869 17880 17887 17909 17910 17945 17953 17964 17965 17973 17982 17985 17986 18008 18024 18064 18082 18091 18097 18107 18134 18139 18140 18148 18161 18162 18190 18191 18223 18237 18240 18262 18290 18296 18309 18328 18329 18340 18353 18354 18374 18375 18405 18410 18455 18469 18486 18502 18505 18517 18524 18525 18530 18531 18548 18558 18601 18630 18636 18642 18652 18665 18666 18685 18693 18720 18726 18727 18733 18737 18750 18787 18791 18818 18819 18821 18850 18868 18895 18903 18918 18926 18946 
	}
	local_supplies=0.0 
}
