
state={
	id=78
	name="STATE_78"
	manpower = 5775694
	
	state_category = megalopolis
	#impassable = yes
	resources={
		aluminium=0
		chromium=71
		oil=0
		rubber=48
		steel=0
		tungsten=9
		coal=0
	}

	history={
		victory_points = { 6740 55}
		victory_points = { 7761 55}
		victory_points = { 8011 38}
		victory_points = { 8584 38}
		
		owner = IRQ
		buildings = {
			infrastructure = 5
			
			arms_factory = 9
			industrial_complex = 3
			
			
		}
		add_core_of = IRQ
	}

	provinces={
		5862 5895 5896 5897 5919 5969 5970 5992 6008 6082 6112 6119 6142 6160 6161 6177 6178 6179 6206 6228 6238 6243 6244 6255 6256 6294 6303 6316 6346 6353 6361 6379 6392 6401 6407 6423 6447 6458 6459 6471 6501 6502 6510 6511 6546 6567 6575 6586 6588 6598 6621 6622 6626 6630 6639 6654 6667 6706 6719 6729 6740 6748 6749 6760 6768 6769 6779 6793 6794 6809 6843 6859 6860 6866 6867 6875 6878 6887 6888 6894 6895 6896 6905 6921 6956 6957 6985 6986 6997 7006 7007 7008 7013 7025 7026 7039 7061 7067 7072 7090 7101 7110 7122 7127 7136 7137 7142 7143 7154 7164 7165 7196 7206 7220 7225 7226 7227 7243 7250 7259 7260 7268 7279 7286 7297 7328 7329 7336 7352 7353 7371 7372 7373 7374 7375 7383 7400 7401 7408 7425 7439 7443 7457 7467 7480 7481 7486 7492 7498 7506 7507 7527 7553 7563 7593 7594 7605 7615 7633 7674 7675 7693 7701 7702 7706 7707 7724 7739 7761 7769 7790 7803 7804 7827 7828 7850 7860 7877 7886 7930 7952 7966 7973 7986 7990 7991 8011 8012 8033 8037 8047 8104 8105 8116 8131 8141 8150 8158 8179 8196 8231 8232 8241 8248 8269 8270 8283 8297 8326 8347 8387 8388 8407 8415 8416 8441 8454 8462 8463 8471 8502 8542 8564 8565 8584 8598 8680 8681 8719 8752 8772 8773 8856 8887 8895 8900 8975 9059 9079 9201 
	}
	local_supplies=0.0 
}
