
state={
	id=79
	name="STATE_79"
	manpower = 2429853
	
	state_category = town
	#impassable = yes
	resources={
		aluminium=0
		chromium=0
		oil=17
		rubber=0
		steel=25
		tungsten=30
		coal=23
	}

	history={
		victory_points = { 4799 8}
		victory_points = { 6847 32}
		victory_points = { 7420 8}
		
		owner = JOR
		buildings = {
			infrastructure = 1
			
			arms_factory = 2
			industrial_complex = 2
			
			
		}
		add_core_of = JOR
	}

	provinces={
		4301 4315 4316 4338 4339 4355 4356 4357 4358 4376 4377 4416 4432 4450 4451 4461 4462 4524 4535 4550 4604 4615 4627 4628 4647 4671 4672 4721 4763 4772 4798 4799 4815 4881 4882 4896 4897 4904 4969 4992 5001 5038 5096 5097 5149 5150 5153 5175 5208 5226 5234 5282 5334 5342 5343 5356 5385 5410 5441 5472 5507 5526 5571 5579 5588 5598 5663 5673 5689 5707 5763 5781 5790 5802 5828 5829 5889 5949 5957 5975 5985 6013 6022 6027 6031 6070 6088 6089 6170 6171 6172 6204 6209 6259 6278 6279 6280 6318 6323 6324 6356 6383 6403 6451 6476 6485 6514 6515 6549 6571 6579 6592 6614 6646 6647 6669 6701 6723 6783 6796 6804 6839 6845 6846 6847 6901 6960 6961 6972 6973 6999 7045 7046 7047 7144 7152 7155 7187 7208 7209 7221 7262 7269 7339 7363 7378 7385 7403 7420 7432 7468 7547 7571 7578 7609 7634 7646 7664 7683 7749 7771 7780 7795 7816 7863 7938 7976 7994 8016 8133 
	}
	local_supplies=0.0 
}
