
state={
	id=8
	name="STATE_8"
	manpower = 483147
	
	state_category = small_island
	#impassable = yes
	resources={
		aluminium=10
		chromium=0
		oil=5
		rubber=20
		steel=41
		tungsten=79
		coal=61
	}

	history={
		victory_points = { 3886 3}
		victory_points = { 4053 3}
		
		owner = EGY
		buildings = {
			infrastructure = 1
			
			arms_factory = 0
			industrial_complex = 0
			
			5779 = {
				naval_base = 1
			}
			
		}
		add_core_of = EGY
	}

	provinces={
		3 4 5 6 7 8 9 134 147 170 177 234 239 256 270 271 276 315 355 373 381 390 395 409 448 464 525 526 536 545 546 576 579 583 611 641 657 658 666 705 725 734 760 765 769 779 792 801 808 852 860 873 879 882 924 930 937 992 1005 1016 1022 1037 1049 1050 1076 1102 1148 1153 1154 1155 1165 1195 1233 1240 1250 1274 1306 1339 1345 1346 1347 1400 1414 1434 1440 1460 1464 1465 1471 1515 1541 1562 1573 1588 1602 1609 1616 1634 1639 1640 1710 1744 1749 1758 1764 1789 1811 1815 1824 1839 1840 1899 1922 1950 1951 1957 1990 1996 2012 2024 2038 2051 2094 2147 2150 2151 2166 2170 2176 2206 2224 2225 2256 2263 2281 2286 2305 2315 2330 2346 2387 2393 2435 2458 2473 2474 2506 2517 2521 2539 2550 2581 2589 2646 2651 2659 2665 2672 2704 2729 2794 2795 2801 2811 2812 2813 2837 2853 2900 2911 2945 2954 2973 2990 3009 3010 3011 3015 3052 3100 3130 3131 3140 3176 3183 3184 3222 3234 3252 3258 3291 3303 3349 3393 3417 3425 3434 3455 3462 3481 3500 3501 3545 3557 3594 3639 3640 3665 3674 3710 3728 3747 3748 3791 3828 3865 3886 3893 3902 3926 3945 3959 4042 4053 4072 4105 4121 4144 4168 4195 4215 4252 4303 4351 4368 4398 4412 4413 4448 4529 4530 4555 4572 4602 4637 4644 4687 4706 4755 4770 4811 4822 4840 4871 4872 4873 4900 4944 5009 5019 5065 5081 5082 5123 5139 5163 5181 5182 5204 5221 5280 5405 5418 5430 5437 5464 5490 5578 5585 5686 5715 5770 5779 5788 5812 5944 5961 5962 6010 6026 6144 6180 6200 6417 6461 6494 
	}
	local_supplies=0.0 
}
