
state={
	id=82
	name="STATE_82"
	manpower = 5335961
	
	state_category = megalopolis
	#impassable = yes
	resources={
		aluminium=0
		chromium=8
		oil=1
		rubber=0
		steel=40
		tungsten=62
		coal=0
	}

	history={

		owner = IRQ
		buildings = {
			infrastructure = 5
			
			arms_factory = 7
			industrial_complex = 5
			
			
		}
		add_core_of = IRQ
	}

	provinces={
		4455 4465 4466 4523 4546 4569 4590 4591 4600 4622 4633 4641 4654 4665 4703 4704 4750 4751 4768 4784 4793 4869 4887 4888 4909 4919 4930 4955 4963 4964 5006 5017 5029 5043 5044 5052 5057 5076 5077 5078 5111 5122 5152 5159 5167 5168 5169 5170 5171 5172 5217 5218 5219 5236 5244 5270 5271 5278 5287 5311 5328 5337 5349 5350 5351 5362 5372 5381 5390 5394 5400 5401 5429 5436 5488 5499 5500 5512 5513 5531 5543 5553 5556 5567 5568 5569 5575 5580 5594 5605 5621 5630 5646 5647 5675 5684 5702 5703 5712 5713 5721 5748 5759 5778 5787 5796 5804 5805 5821 5861 5876 5877 5878 5893 5894 5910 5927 5933 5943 5968 5990 5991 5998 6019 6029 6030 6038 6060 6081 6096 6111 6132 6133 6158 6159 6176 6215 6216 6217 6224 6242 6254 6275 6276 6293 6301 6302 6337 6345 6352 6378 6386 6413 6433 6440 6446 6470 6482 6500 6524 6531 6538 6539 6558 6566 6585 6609 6620 6625 6653 6674 6684 6685 6712 6727 6728 6778 6781 6791 6792 6808 6836 6858 6864 6865 6918 6920 6944 6945 6970 7005 7012 7033 7038 7088 7089 7115 7121 7149 7173 7178 7183 7205 7235 7257 7258 7285 7296 7307 7335 7358 7359 7397 7398 7399 7431 7466 7505 7514 7526 7536 
	}
	local_supplies=0.0 
}
