
state={
	id=86
	name="STATE_86"
	manpower = 1444578
	
	state_category = pastoral
	#impassable = yes
	resources={
		aluminium=20
		chromium=1
		oil=0
		rubber=2
		steel=20
		tungsten=19
		coal=0
	}

	history={

		owner = IRN
		buildings = {
			infrastructure = 1
			
			arms_factory = 1
			industrial_complex = 0
			
			
		}
		add_core_of = IRN
	}

	provinces={
		5030 5136 5220 5312 5402 5447 5557 5558 5559 5631 5648 5668 5676 5677 5722 5734 5769 5797 5822 5823 5831 5832 5864 5865 5920 5928 5982 6000 6009 6020 6040 6054 6055 6084 6136 6149 6162 6191 6192 6218 6225 6245 6246 6257 6267 6304 6317 6338 6372 6402 6415 6441 6448 6460 6472 6473 6503 6512 6513 6521 6525 6526 6547 6569 6610 6655 6694 6695 6707 6708 6713 6714 6720 6742 6761 6782 6802 6810 6819 6868 6898 6899 6900 6919 6923 6936 6937 6946 6947 6958 6992 7014 7040 7062 7091 7111 7116 7128 7138 7150 7166 7197 7207 7217 7237 7238 7251 7287 7312 7313 7324 7337 7342 7419 7440 7445 7446 7452 7453 7515 7545 7570 7595 7606 7607 7644 7645 7703 7708 7770 7778 7805 7832 7851 7861 7862 7992 7993 8013 8022 8023 8070 8106 8151 8159 8233 8257 8273 8328 8337 8358 8380 8433 8475 8482 8556 8671 8672 8703 8743 8858 8888 8985 9074 9085 
	}
	local_supplies=0.0 
}
