
state={
	id=88
	name="STATE_88"
	manpower = 6240113
	
	state_category = megalopolis
	#impassable = yes
	resources={
		aluminium=0
		chromium=5
		oil=28
		rubber=0
		steel=13
		tungsten=0
		coal=0
	}

	history={
		victory_points = { 11050 12}
		victory_points = { 11355 17}
		victory_points = { 11816 57}
		victory_points = { 12444 57}
		victory_points = { 13594 57}
		
		owner = IRQ
		buildings = {
			infrastructure = 5
			
			arms_factory = 7
			industrial_complex = 5
			
			
		}
		add_core_of = IRQ
	}

	provinces={
		10982 11029 11050 11078 11086 11121 11129 11137 11164 11165 11200 11231 11232 11256 11278 11326 11342 11355 11384 11385 11393 11442 11448 11480 11491 11493 11508 11558 11566 11578 11600 11639 11641 11649 11672 11719 11731 11732 11743 11749 11768 11795 11808 11816 11826 11827 11846 11866 11882 11902 11934 11935 11936 11951 11965 11966 12000 12001 12007 12021 12052 12065 12077 12078 12086 12096 12115 12129 12138 12139 12140 12147 12168 12177 12206 12211 12212 12222 12235 12236 12237 12256 12266 12284 12289 12297 12304 12306 12315 12330 12331 12371 12386 12387 12398 12405 12413 12419 12424 12425 12443 12444 12463 12464 12474 12486 12496 12502 12503 12508 12509 12544 12555 12561 12562 12570 12571 12580 12595 12608 12622 12623 12624 12625 12634 12642 12649 12663 12678 12679 12680 12681 12696 12710 12711 12712 12730 12738 12739 12746 12756 12764 12777 12788 12789 12798 12799 12808 12824 12825 12826 12834 12838 12839 12840 12888 12889 12899 12900 12906 12907 12926 12935 12936 12941 12948 12954 12962 12963 12964 12976 12985 13001 13020 13042 13043 13044 13053 13069 13077 13085 13086 13097 13103 13104 13105 13128 13129 13140 13145 13151 13152 13185 13229 13230 13231 13246 13254 13255 13263 13269 13281 13282 13286 13301 13315 13328 13360 13380 13382 13383 13390 13396 13410 13441 13448 13456 13484 13485 13490 13492 13502 13518 13556 13557 13573 13574 13594 13595 13616 13622 13633 13651 13663 13700 13708 13725 13726 13727 13737 13752 13753 13754 13758 13768 13808 13838 13864 13881 13882 13904 13918 13986 14006 14017 14046 14077 14149 14174 
	}
	local_supplies=0.0 
}
