
state={
	id=97
	name="STATE_97"
	manpower = 214234
	
	state_category = small_island
	#impassable = yes
	resources={
		aluminium=0
		chromium=34
		oil=0
		rubber=7
		steel=76
		tungsten=28
		coal=49
	}

	history={
		
		owner = IRN
		buildings = {
			infrastructure = 1
			
			arms_factory = 0
			industrial_complex = 0
			
			17211 = {
				naval_base = 1
			}
			
		}
		add_core_of = IRN
	}

	provinces={
		14578 14623 14669 14776 14809 14836 14883 14921 14937 14985 15005 15055 15078 15090 15098 15115 15141 15147 15176 15199 15200 15201 15254 15294 15301 15324 15325 15344 15362 15369 15370 15419 15426 15476 15477 15486 15487 15525 15567 15573 15578 15658 15666 15667 15679 15686 15706 15732 15744 15773 15793 15817 15818 15819 15820 15840 15862 15869 15916 15944 15954 15962 15979 15999 16008 16013 16014 16033 16079 16080 16108 16124 16140 16145 16146 16149 16214 16232 16292 16299 16300 16301 16310 16333 16369 16370 16387 16388 16415 16446 16464 16480 16523 16550 16582 16593 16613 16622 16649 16660 16661 16672 16677 16682 16715 16727 16762 16782 16786 16787 16830 16831 16852 16878 16939 16946 16956 16964 16984 17000 17007 17020 17030 17067 17098 17124 17147 17154 17165 17201 17210 17211 17226 17324 17334 17347 17376 17377 17385 17417 17436 17444 17445 17446 17545 17566 17586 17596 17625 17636 17658 17718 17719 17728 17772 17800 17808 17873 17893 17914 17920 17970 17991 18014 18032 18061 18111 18126 18169 18175 18181 18260 18268 18269 18291 18358 18400 18465 18494 18598 
	}
	local_supplies=0.0 
}
